# unix_time, cycles_done, cur_path, paths_total, pending_total, pending_favs, map_size, unique_crashes, unique_hangs, max_depth, execs_per_sec
1585939627, 0, 0, 1, 1, 1, 3.33%, 0, 0, 1, 0.92
1585939643, 0, 0, 2, 2, 1, 3.37%, 0, 0, 2, 0.96
1585939683, 0, 0, 3, 3, 1, 3.37%, 0, 0, 2, 0.98
1585939693, 0, 0, 4, 4, 1, 3.38%, 0, 0, 2, 0.98
1585939704, 0, 0, 5, 5, 1, 3.80%, 0, 0, 2, 0.98
1585939709, 0, 0, 6, 6, 1, 3.80%, 0, 0, 2, 0.98
1585939724, 0, 0, 7, 7, 1, 3.80%, 0, 0, 2, 0.98
1585939734, 0, 0, 8, 8, 1, 3.80%, 0, 0, 2, 0.98
1585939739, 0, 0, 9, 9, 1, 3.81%, 0, 0, 2, 0.98
1585939749, 0, 0, 10, 10, 1, 3.81%, 0, 0, 2, 0.98
1585939765, 0, 0, 11, 11, 1, 3.81%, 0, 0, 2, 0.98
1585939780, 0, 0, 12, 12, 1, 3.81%, 0, 0, 2, 0.98
1585939800, 0, 0, 13, 13, 1, 3.81%, 0, 0, 2, 0.98
1585939815, 0, 0, 14, 14, 1, 3.82%, 0, 0, 2, 0.98
1585939831, 0, 0, 15, 15, 1, 3.82%, 0, 0, 2, 0.98
1585939841, 0, 0, 16, 16, 1, 3.82%, 0, 0, 2, 0.98
1585939846, 0, 0, 17, 17, 1, 3.83%, 0, 0, 2, 0.98
1585939856, 0, 0, 18, 18, 1, 3.83%, 0, 0, 2, 0.98
1585939871, 0, 0, 19, 19, 1, 3.83%, 0, 0, 2, 0.98
1585939881, 0, 0, 20, 20, 1, 3.83%, 0, 0, 2, 0.98
1585939892, 0, 0, 21, 21, 1, 3.91%, 0, 0, 2, 0.98
1585939932, 0, 0, 22, 22, 1, 3.97%, 0, 0, 2, 0.98
1585939942, 0, 0, 23, 23, 1, 3.97%, 0, 0, 2, 0.98
1585939978, 0, 0, 24, 24, 1, 3.97%, 0, 0, 2, 0.98
1585939993, 0, 0, 25, 25, 1, 3.97%, 0, 0, 2, 0.98
1585940019, 0, 0, 26, 26, 1, 4.08%, 0, 0, 2, 0.98
1585940034, 0, 0, 27, 27, 1, 4.08%, 0, 0, 2, 0.98
1585940049, 0, 0, 28, 28, 1, 4.09%, 0, 0, 2, 0.98
1585940064, 0, 0, 29, 29, 1, 4.09%, 0, 0, 2, 0.98
1585940075, 0, 0, 30, 30, 1, 4.10%, 0, 0, 2, 0.98
1585940105, 0, 0, 31, 31, 1, 4.10%, 0, 0, 2, 0.98
1585940125, 0, 0, 32, 32, 1, 4.11%, 0, 0, 2, 0.98
1585940136, 0, 0, 33, 33, 1, 4.11%, 0, 0, 2, 0.98
1585940151, 0, 0, 34, 34, 1, 4.11%, 0, 0, 2, 0.98
1585940186, 0, 0, 35, 35, 1, 4.12%, 0, 0, 2, 0.98
1585940258, 0, 0, 36, 36, 1, 4.12%, 0, 0, 2, 0.98
1585940273, 0, 0, 37, 37, 1, 4.12%, 0, 0, 2, 0.98
1585940314, 0, 0, 38, 38, 1, 4.12%, 0, 0, 2, 0.98
1585940395, 0, 0, 39, 39, 1, 4.12%, 0, 0, 2, 0.98
1585940491, 0, 0, 40, 40, 1, 4.12%, 0, 0, 2, 0.98
1585940578, 0, 0, 41, 41, 1, 4.12%, 0, 0, 2, 0.98
1585940603, 0, 0, 42, 42, 1, 4.13%, 0, 0, 2, 0.98
1585940629, 0, 0, 43, 43, 1, 4.13%, 0, 0, 2, 0.98
1585940644, 0, 0, 44, 44, 1, 4.13%, 0, 0, 2, 0.98
1585940843, 0, 0, 45, 45, 1, 4.13%, 0, 0, 2, 0.98
1585940914, 0, 0, 46, 46, 1, 4.13%, 0, 0, 2, 0.98
1585940939, 0, 0, 47, 47, 1, 4.13%, 0, 0, 2, 0.98
1585940960, 0, 0, 48, 48, 1, 4.13%, 0, 0, 2, 0.98
1585941006, 0, 0, 49, 49, 1, 4.14%, 0, 0, 2, 0.98
1585941021, 0, 0, 50, 50, 1, 4.14%, 0, 0, 2, 0.98
1585941046, 0, 0, 51, 51, 1, 4.14%, 0, 0, 2, 0.98
1585941062, 0, 0, 52, 52, 1, 4.14%, 0, 0, 2, 0.98
1585941194, 0, 0, 53, 53, 1, 4.36%, 0, 0, 2, 0.98
1585941209, 0, 0, 54, 54, 1, 4.36%, 0, 0, 2, 0.98
1585941316, 0, 0, 55, 55, 1, 4.36%, 0, 0, 2, 0.98
1585941362, 0, 0, 56, 56, 1, 4.37%, 0, 0, 2, 0.98
