# unix_time, cycles_done, cur_path, paths_total, pending_total, pending_favs, map_size, unique_crashes, unique_hangs, max_depth, execs_per_sec
1585939627, 0, 0, 1, 1, 1, 3.37%, 0, 0, 1, 0.92
1585939643, 0, 0, 2, 2, 1, 3.38%, 0, 0, 2, 0.96
1585939653, 0, 0, 3, 3, 1, 3.38%, 0, 0, 2, 0.97
1585939658, 0, 0, 4, 4, 1, 3.76%, 0, 0, 2, 0.97
1585939673, 0, 0, 5, 5, 1, 3.76%, 0, 0, 2, 0.98
1585939683, 0, 0, 6, 6, 1, 3.76%, 0, 0, 2, 0.98
1585939688, 0, 0, 7, 7, 1, 3.76%, 0, 0, 2, 0.98
1585939699, 0, 0, 8, 8, 1, 3.77%, 0, 0, 2, 0.98
1585939709, 0, 0, 9, 9, 1, 3.77%, 0, 0, 2, 0.98
1585939719, 0, 0, 10, 10, 1, 3.77%, 0, 0, 2, 0.98
1585939739, 0, 0, 11, 11, 1, 3.77%, 0, 0, 2, 0.98
1585939754, 0, 0, 12, 12, 1, 3.78%, 0, 0, 2, 0.98
1585939775, 0, 0, 13, 13, 1, 3.78%, 0, 0, 2, 0.98
1585939795, 0, 0, 14, 14, 1, 3.78%, 0, 0, 2, 0.98
1585939851, 0, 0, 15, 15, 1, 3.78%, 0, 0, 2, 0.98
1585939861, 0, 0, 16, 16, 1, 3.78%, 0, 0, 2, 0.98
1585939871, 0, 0, 17, 17, 1, 3.78%, 0, 0, 2, 0.98
1585939887, 0, 0, 18, 18, 1, 3.78%, 0, 0, 2, 0.98
1585939927, 0, 0, 19, 19, 1, 3.91%, 0, 0, 2, 0.98
1585939953, 0, 0, 20, 20, 1, 3.91%, 0, 0, 2, 0.98
1585939973, 0, 0, 21, 21, 1, 3.91%, 0, 0, 2, 0.98
1585940039, 0, 0, 22, 22, 1, 4.35%, 0, 0, 2, 0.98
1585940049, 0, 0, 23, 23, 1, 4.35%, 0, 0, 2, 0.98
1585940064, 0, 0, 24, 24, 1, 4.35%, 0, 0, 2, 0.98
1585940161, 0, 0, 25, 25, 1, 4.48%, 0, 0, 2, 0.98
1585940237, 0, 0, 26, 26, 1, 4.48%, 0, 0, 2, 0.98
1585940375, 0, 0, 27, 27, 1, 4.50%, 0, 0, 2, 0.98
1585940598, 0, 0, 28, 28, 1, 4.50%, 0, 0, 2, 0.98
1585940670, 0, 0, 29, 29, 1, 4.50%, 0, 0, 2, 0.98
1585940685, 0, 0, 30, 30, 1, 4.50%, 0, 0, 2, 0.98
1585940761, 0, 0, 31, 31, 1, 4.50%, 0, 0, 2, 0.98
1585940863, 0, 0, 32, 32, 1, 4.50%, 0, 0, 2, 0.98
1585940924, 0, 0, 33, 33, 1, 4.50%, 0, 0, 2, 0.98
1585941021, 0, 0, 34, 34, 1, 4.51%, 0, 0, 2, 0.98
1585941072, 0, 0, 35, 35, 1, 4.52%, 0, 0, 2, 0.98
1585941082, 0, 0, 36, 36, 1, 4.52%, 0, 0, 2, 0.98
1585941179, 0, 0, 36, 35, 0, 4.52%, 0, 0, 2, 0.98
1585941184, 0, 0, 37, 36, 0, 4.52%, 0, 0, 2, 0.98
1585941229, 0, 0, 38, 37, 0, 4.52%, 0, 0, 2, 0.98
1585941285, 0, 0, 39, 38, 0, 4.52%, 0, 0, 2, 0.98
1585941321, 0, 0, 40, 39, 0, 4.52%, 0, 0, 2, 0.98
