# unix_time, cycles_done, cur_path, paths_total, pending_total, pending_favs, map_size, unique_crashes, unique_hangs, max_depth, execs_per_sec
1585934987, 0, 0, 1, 1, 1, 3.37%, 0, 0, 1, 0.78
1585935029, 0, 0, 1, 0, 0, 3.37%, 0, 0, 1, 0.96
1585935168, 1, 0, 1, 0, 0, 3.37%, 0, 0, 1, 0.97
1585935193, 2, 0, 1, 0, 0, 3.37%, 0, 0, 1, 0.97
1585935219, 3, 0, 1, 0, 0, 3.37%, 0, 0, 1, 0.97
1585935245, 4, 0, 1, 0, 0, 3.37%, 0, 0, 1, 0.97
1585935250, 4, 0, 2, 1, 0, 3.46%, 0, 0, 2, 0.97
1585935415, 4, 0, 3, 2, 0, 3.46%, 0, 0, 2, 0.97
1585935610, 4, 2, 3, 2, 1, 3.46%, 0, 0, 2, 0.98
1585935707, 4, 2, 4, 3, 1, 3.46%, 0, 0, 3, 0.98
1585936103, 4, 2, 4, 2, 0, 3.46%, 0, 0, 3, 0.98
1585936215, 4, 3, 4, 2, 1, 3.46%, 0, 0, 3, 0.98
1585936568, 5, 0, 4, 1, 0, 3.46%, 0, 0, 3, 0.97
