# unix_time, cycles_done, cur_path, paths_total, pending_total, pending_favs, map_size, unique_crashes, unique_hangs, max_depth, execs_per_sec
1585934986, 0, 0, 1, 1, 1, 3.39%, 0, 0, 1, 0.80
1585935006, 0, 0, 2, 2, 1, 3.39%, 0, 0, 2, 0.93
1585935245, 0, 0, 3, 3, 1, 3.46%, 0, 0, 2, 0.99
1585935341, 0, 0, 3, 2, 0, 3.46%, 0, 0, 2, 0.99
1585935580, 0, 2, 3, 2, 1, 3.46%, 0, 0, 2, 0.98
1585935605, 1, 0, 3, 1, 0, 3.46%, 0, 0, 2, 0.98
1585935747, 1, 1, 3, 1, 0, 3.46%, 0, 0, 2, 0.98
1585935986, 1, 2, 3, 0, 0, 3.46%, 0, 0, 2, 0.98
1585936011, 2, 0, 3, 0, 0, 3.46%, 0, 0, 2, 0.98
1585936113, 2, 1, 3, 0, 0, 3.46%, 0, 0, 2, 0.98
1585936281, 2, 2, 3, 0, 0, 3.46%, 0, 0, 2, 0.98
1585936306, 3, 0, 3, 0, 0, 3.46%, 0, 0, 2, 0.98
1585936449, 3, 1, 3, 0, 0, 3.46%, 0, 0, 2, 0.98
1585936601, 3, 2, 3, 0, 0, 3.46%, 0, 0, 2, 0.98
1585936626, 4, 0, 3, 0, 0, 3.46%, 0, 0, 2, 0.98
