# unix_time, cycles_done, cur_path, paths_total, pending_total, pending_favs, map_size, unique_crashes, unique_hangs, max_depth, execs_per_sec
1585939627, 0, 0, 1, 1, 1, 3.32%, 0, 0, 1, 0.92
1585939643, 0, 0, 2, 2, 1, 3.35%, 0, 0, 2, 0.96
1585939653, 0, 0, 3, 3, 1, 3.66%, 0, 0, 2, 0.97
1585939658, 0, 0, 4, 4, 1, 3.66%, 0, 0, 2, 0.97
1585939668, 0, 0, 5, 5, 1, 3.66%, 0, 0, 2, 0.98
1585939678, 0, 0, 6, 6, 1, 3.66%, 0, 0, 2, 0.98
1585939688, 0, 0, 7, 7, 1, 3.66%, 0, 0, 2, 0.98
1585939698, 0, 0, 8, 8, 1, 3.97%, 0, 0, 2, 0.98
1585939709, 0, 0, 9, 9, 1, 3.97%, 0, 0, 2, 0.98
1585939719, 0, 0, 10, 10, 1, 3.97%, 0, 0, 2, 0.98
1585939729, 0, 0, 11, 11, 1, 3.97%, 0, 0, 2, 0.98
1585939744, 0, 0, 12, 12, 1, 3.97%, 0, 0, 2, 0.98
1585939790, 0, 0, 13, 13, 1, 3.98%, 0, 0, 2, 0.98
1585939810, 0, 0, 14, 14, 1, 3.98%, 0, 0, 2, 0.98
1585939820, 0, 0, 15, 15, 1, 3.99%, 0, 0, 2, 0.98
1585939846, 0, 0, 16, 16, 1, 3.99%, 0, 0, 2, 0.98
1585939866, 0, 0, 17, 17, 1, 3.99%, 0, 0, 2, 0.98
1585939881, 0, 0, 18, 18, 1, 4.00%, 0, 0, 2, 0.98
1585939892, 0, 0, 19, 19, 1, 4.07%, 0, 0, 2, 0.98
1585939937, 0, 0, 20, 20, 1, 4.13%, 0, 0, 2, 0.98
1585939947, 0, 0, 21, 21, 1, 4.13%, 0, 0, 2, 0.98
1585939958, 0, 0, 22, 22, 1, 4.13%, 0, 0, 2, 0.98
1585939968, 0, 0, 23, 23, 1, 4.13%, 0, 0, 2, 0.98
1585939983, 0, 0, 24, 24, 1, 4.13%, 0, 0, 2, 0.98
1585940014, 0, 0, 25, 25, 1, 4.19%, 0, 0, 2, 0.98
1585940064, 0, 0, 26, 26, 1, 4.19%, 0, 0, 2, 0.98
1585940090, 0, 0, 27, 27, 1, 4.19%, 0, 0, 2, 0.98
1585940100, 0, 0, 28, 28, 1, 4.19%, 0, 0, 2, 0.98
1585940156, 0, 0, 29, 29, 1, 4.19%, 0, 0, 2, 0.98
1585940242, 0, 0, 30, 30, 1, 4.19%, 0, 0, 2, 0.98
1585940273, 0, 0, 31, 31, 1, 4.20%, 0, 0, 2, 0.98
1585940288, 0, 0, 32, 32, 1, 4.59%, 0, 0, 2, 0.98
1585940308, 0, 0, 33, 33, 1, 4.59%, 0, 0, 2, 0.98
1585940354, 0, 0, 34, 34, 1, 4.59%, 0, 0, 2, 0.98
1585940369, 0, 0, 35, 35, 1, 4.59%, 0, 0, 2, 0.98
1585940400, 0, 0, 36, 36, 1, 4.59%, 0, 0, 2, 0.98
1585940415, 0, 0, 37, 37, 1, 4.60%, 0, 0, 2, 0.98
1585940430, 0, 0, 38, 38, 1, 4.60%, 0, 0, 2, 0.98
1585940456, 0, 0, 39, 39, 1, 4.60%, 0, 0, 2, 0.98
1585940497, 0, 0, 40, 40, 1, 4.60%, 0, 0, 2, 0.98
1585940532, 0, 0, 41, 41, 1, 4.60%, 0, 0, 2, 0.98
1585940547, 0, 0, 42, 42, 1, 4.61%, 0, 0, 2, 0.98
1585940639, 0, 0, 43, 43, 1, 4.61%, 0, 0, 2, 0.98
1585940797, 0, 0, 44, 44, 1, 4.61%, 0, 0, 2, 0.98
1585940868, 0, 0, 45, 45, 1, 4.61%, 0, 0, 2, 0.98
1585940883, 0, 0, 46, 46, 1, 4.61%, 0, 0, 2, 0.98
1585940904, 0, 0, 47, 47, 1, 4.61%, 0, 0, 2, 0.98
1585940944, 0, 0, 48, 48, 1, 4.62%, 0, 0, 2, 0.98
1585940970, 0, 0, 49, 49, 1, 4.63%, 0, 0, 2, 0.98
1585940990, 0, 0, 50, 50, 1, 4.63%, 0, 0, 2, 0.98
1585941051, 0, 0, 51, 51, 1, 4.63%, 0, 0, 2, 0.98
1585941107, 0, 0, 52, 52, 1, 4.63%, 0, 0, 2, 0.98
1585941153, 0, 0, 53, 53, 1, 4.64%, 0, 0, 2, 0.98
1585941219, 0, 0, 54, 54, 1, 4.64%, 0, 0, 2, 0.98
1585941306, 0, 0, 55, 55, 1, 4.65%, 0, 0, 2, 0.98
1585941326, 0, 0, 56, 56, 1, 4.65%, 0, 0, 2, 0.98
