# unix_time, cycles_done, cur_path, paths_total, pending_total, pending_favs, map_size, unique_crashes, unique_hangs, max_depth, execs_per_sec
1585934987, 0, 0, 1, 1, 1, 3.29%, 0, 0, 1, 0.79
1585935028, 0, 0, 1, 0, 0, 3.29%, 0, 0, 1, 0.96
1585935167, 1, 0, 1, 0, 0, 3.29%, 0, 0, 1, 0.97
1585935193, 2, 0, 1, 0, 0, 3.29%, 0, 0, 1, 0.97
1585935218, 3, 0, 1, 0, 0, 3.29%, 0, 0, 1, 0.97
1585935244, 4, 0, 1, 0, 0, 3.29%, 0, 0, 1, 0.97
1585935249, 4, 0, 2, 1, 0, 3.36%, 0, 0, 2, 0.97
1585935581, 4, 1, 2, 1, 1, 3.36%, 0, 0, 2, 0.98
1585935940, 4, 1, 2, 0, 0, 3.36%, 0, 0, 2, 0.97
1585936053, 5, 0, 2, 0, 0, 3.36%, 0, 0, 2, 0.97
1585936327, 5, 1, 2, 0, 0, 3.36%, 0, 0, 2, 0.97
1585936600, 6, 0, 2, 0, 0, 3.36%, 0, 0, 2, 0.97
