# unix_time, cycles_done, cur_path, paths_total, pending_total, pending_favs, map_size, unique_crashes, unique_hangs, max_depth, execs_per_sec
1621184680, 0, 0, 1, 1, 1, 4.14%, 0, 0, 1, 0.20
1621185147, 0, 0, 1, 1, 1, 4.14%, 0, 1, 1, 0.20
1621185152, 0, 0, 1, 1, 1, 4.14%, 0, 2, 1, 0.20
1621185167, 0, 0, 1, 1, 1, 4.14%, 0, 3, 1, 0.20
1621185355, 0, 0, 1, 1, 1, 4.14%, 0, 4, 1, 0.20
1621185507, 0, 0, 1, 1, 1, 4.14%, 0, 5, 1, 0.20
1621185553, 0, 0, 1, 1, 1, 4.14%, 0, 6, 1, 0.20
1621185558, 0, 0, 1, 1, 1, 4.14%, 0, 7, 1, 0.20
1621185817, 0, 0, 1, 1, 1, 4.14%, 0, 8, 1, 0.20
