# unix_time, cycles_done, cur_path, paths_total, pending_total, pending_favs, map_size, unique_crashes, unique_hangs, max_depth, execs_per_sec
1585934988, 0, 0, 1, 1, 1, 3.31%, 0, 0, 1, 0.77
1585935008, 0, 0, 2, 2, 1, 3.31%, 0, 0, 2, 0.92
1585935248, 0, 0, 3, 3, 1, 3.33%, 0, 0, 2, 0.98
1585935365, 0, 0, 3, 2, 0, 3.40%, 0, 0, 2, 0.98
1585935411, 0, 0, 4, 3, 0, 3.40%, 0, 0, 2, 0.98
1585935610, 0, 3, 4, 3, 1, 3.40%, 0, 0, 2, 0.98
1585935885, 1, 0, 4, 2, 0, 3.40%, 0, 0, 2, 0.98
1585936155, 1, 1, 4, 2, 0, 3.40%, 0, 0, 2, 0.97
1585936453, 1, 2, 4, 1, 0, 3.40%, 0, 0, 2, 0.97
