# unix_time, cycles_done, cur_path, paths_total, pending_total, pending_favs, map_size, unique_crashes, unique_hangs, max_depth, execs_per_sec
1585934990, 0, 0, 1, 1, 1, 3.36%, 0, 0, 1, 0.75
1585935031, 0, 0, 1, 0, 0, 3.36%, 0, 0, 1, 0.95
1585935172, 1, 0, 1, 0, 0, 3.36%, 0, 0, 1, 0.96
1585935198, 2, 0, 1, 0, 0, 3.36%, 0, 0, 1, 0.95
1585935224, 3, 0, 1, 0, 0, 3.36%, 0, 0, 1, 0.96
1585935251, 4, 0, 2, 1, 0, 3.45%, 0, 0, 2, 0.96
1585935596, 4, 1, 2, 1, 1, 3.45%, 0, 0, 2, 0.95
1585935969, 4, 1, 2, 0, 0, 3.45%, 0, 0, 2, 0.95
1585936085, 5, 0, 2, 0, 0, 3.45%, 0, 0, 2, 0.95
1585936363, 5, 1, 2, 0, 0, 3.45%, 0, 0, 2, 0.95
1585936642, 6, 0, 2, 0, 0, 3.45%, 0, 0, 2, 0.95
