# unix_time, cycles_done, cur_path, paths_total, pending_total, pending_favs, map_size, unique_crashes, unique_hangs, max_depth, execs_per_sec
1585939627, 0, 0, 1, 1, 1, 3.28%, 0, 0, 1, 0.92
1585939643, 0, 0, 2, 2, 1, 3.30%, 0, 0, 2, 0.96
1585939653, 0, 0, 3, 3, 1, 3.30%, 0, 0, 2, 0.97
1585939658, 0, 0, 4, 4, 1, 3.30%, 0, 0, 2, 0.97
1585939668, 0, 0, 5, 5, 1, 3.72%, 0, 0, 2, 0.98
1585939714, 0, 0, 6, 6, 1, 3.81%, 0, 0, 2, 0.98
1585939724, 0, 0, 7, 7, 1, 3.81%, 0, 0, 2, 0.98
1585939739, 0, 0, 8, 8, 1, 3.81%, 0, 0, 2, 0.98
1585939744, 0, 0, 9, 9, 1, 3.81%, 0, 0, 2, 0.98
1585939765, 0, 0, 10, 10, 1, 3.81%, 0, 0, 2, 0.98
1585939780, 0, 0, 11, 11, 1, 3.81%, 0, 0, 2, 0.98
1585939790, 0, 0, 12, 12, 1, 3.81%, 0, 0, 2, 0.98
1585939805, 0, 0, 13, 13, 1, 3.81%, 0, 0, 2, 0.98
1585939825, 0, 0, 14, 14, 1, 3.84%, 0, 0, 2, 0.98
1585939871, 0, 0, 15, 15, 1, 3.84%, 0, 0, 2, 0.98
1585939892, 0, 0, 16, 16, 1, 3.90%, 0, 0, 2, 0.98
1585939932, 0, 0, 17, 17, 1, 3.90%, 0, 0, 2, 0.98
1585939942, 0, 0, 18, 18, 1, 3.90%, 0, 0, 2, 0.98
1585939953, 0, 0, 19, 19, 1, 3.96%, 0, 0, 2, 0.98
1585939968, 0, 0, 20, 20, 1, 3.96%, 0, 0, 2, 0.98
1585939998, 0, 0, 21, 21, 1, 3.96%, 0, 0, 2, 0.98
1585940014, 0, 0, 22, 22, 1, 4.30%, 0, 0, 2, 0.98
1585940019, 0, 0, 23, 23, 1, 4.30%, 0, 0, 2, 0.98
1585940054, 0, 0, 24, 24, 1, 4.30%, 0, 0, 2, 0.98
1585940070, 0, 0, 25, 25, 1, 4.33%, 0, 0, 2, 0.98
1585940100, 0, 0, 26, 26, 1, 4.33%, 0, 0, 2, 0.98
1585940136, 0, 0, 27, 27, 1, 4.34%, 0, 0, 2, 0.98
1585940242, 0, 0, 28, 28, 1, 4.34%, 0, 0, 2, 0.98
1585940263, 0, 0, 29, 29, 1, 4.34%, 0, 0, 2, 0.98
1585940354, 0, 0, 30, 30, 1, 4.34%, 0, 0, 2, 0.98
1585940369, 0, 0, 31, 31, 1, 4.35%, 0, 0, 2, 0.98
1585940542, 0, 0, 32, 32, 1, 4.35%, 0, 0, 2, 0.98
1585940695, 0, 0, 33, 33, 1, 4.35%, 0, 0, 2, 0.98
1585940715, 0, 0, 34, 34, 1, 4.35%, 0, 0, 2, 0.98
1585940771, 0, 0, 35, 35, 1, 4.35%, 0, 0, 2, 0.98
1585940832, 0, 0, 36, 36, 1, 4.35%, 0, 0, 2, 0.98
1585940924, 0, 0, 37, 37, 1, 4.35%, 0, 0, 2, 0.98
1585940939, 0, 0, 38, 38, 1, 4.35%, 0, 0, 2, 0.98
1585940949, 0, 0, 39, 39, 1, 4.35%, 0, 0, 2, 0.98
1585940960, 0, 0, 40, 40, 1, 4.35%, 0, 0, 2, 0.98
1585940995, 0, 0, 41, 41, 1, 4.35%, 0, 0, 2, 0.98
1585941153, 0, 0, 42, 42, 1, 4.35%, 0, 0, 2, 0.98
1585941260, 0, 0, 43, 43, 1, 4.35%, 0, 0, 2, 0.98
1585941316, 0, 0, 44, 44, 1, 4.35%, 0, 0, 2, 0.98
