# unix_time, cycles_done, cur_path, paths_total, pending_total, pending_favs, map_size, unique_crashes, unique_hangs, max_depth, execs_per_sec
1585934987, 0, 0, 1, 1, 1, 3.31%, 0, 0, 1, 0.78
1585935028, 0, 0, 1, 0, 0, 3.31%, 0, 0, 1, 0.96
1585935168, 1, 0, 1, 0, 0, 3.31%, 0, 0, 1, 0.97
1585935193, 2, 0, 1, 0, 0, 3.31%, 0, 0, 1, 0.97
1585935219, 3, 0, 1, 0, 0, 3.31%, 0, 0, 1, 0.97
1585935245, 4, 0, 1, 0, 0, 3.31%, 0, 0, 1, 0.97
1585935250, 4, 0, 2, 1, 0, 3.40%, 0, 0, 2, 0.97
1585935586, 4, 1, 2, 1, 1, 3.40%, 0, 0, 2, 0.97
1585935964, 4, 1, 2, 0, 0, 3.40%, 0, 0, 2, 0.97
1585936083, 5, 0, 2, 0, 0, 3.40%, 0, 0, 2, 0.97
1585936357, 5, 1, 2, 0, 0, 3.40%, 0, 0, 2, 0.97
1585936629, 6, 0, 2, 0, 0, 3.40%, 0, 0, 2, 0.98
