# unix_time, cycles_done, cur_path, paths_total, pending_total, pending_favs, map_size, unique_crashes, unique_hangs, max_depth, execs_per_sec
1585934982, 0, 0, 1, 1, 1, 3.33%, 0, 0, 1, 0.85
1585935023, 0, 0, 1, 0, 0, 3.33%, 0, 0, 1, 0.97
1585935043, 0, 0, 2, 1, 0, 3.33%, 0, 0, 1, 0.98
1585935201, 0, 1, 2, 1, 0, 3.33%, 0, 0, 1, 0.98
1585935241, 1, 0, 2, 0, 0, 3.33%, 0, 0, 1, 0.98
1585935246, 1, 0, 3, 1, 0, 3.41%, 0, 0, 2, 0.98
1585935414, 1, 0, 4, 2, 0, 3.41%, 0, 0, 2, 0.98
1585935455, 1, 2, 4, 2, 1, 3.41%, 0, 0, 2, 0.98
1585935775, 1, 3, 4, 1, 0, 3.41%, 0, 0, 2, 0.98
1585936105, 2, 0, 4, 0, 0, 3.41%, 0, 0, 2, 0.98
1585936370, 2, 1, 4, 0, 0, 3.41%, 0, 0, 2, 0.98
1585936573, 2, 2, 4, 0, 0, 3.41%, 0, 0, 2, 0.98
