# unix_time, cycles_done, cur_path, paths_total, pending_total, pending_favs, map_size, unique_crashes, unique_hangs, max_depth, execs_per_sec
1585934986, 0, 0, 1, 1, 1, 3.33%, 0, 0, 1, 0.79
1585935002, 0, 0, 2, 2, 1, 3.33%, 0, 0, 2, 0.91
1585935250, 0, 0, 3, 3, 1, 3.41%, 0, 0, 2, 0.99
1585935342, 0, 0, 3, 2, 0, 3.41%, 0, 0, 2, 0.98
1585935586, 0, 2, 3, 2, 1, 3.41%, 0, 0, 2, 0.97
1585935612, 1, 0, 3, 1, 0, 3.41%, 0, 0, 2, 0.97
1585935751, 1, 1, 3, 1, 0, 3.41%, 0, 0, 2, 0.97
1585935921, 1, 2, 3, 0, 0, 3.41%, 0, 0, 2, 0.97
1585935946, 2, 0, 3, 0, 0, 3.41%, 0, 0, 2, 0.97
1585936096, 2, 1, 3, 0, 0, 3.41%, 0, 0, 2, 0.97
1585936256, 2, 2, 3, 0, 0, 3.41%, 0, 0, 2, 0.97
1585936282, 3, 0, 3, 0, 0, 3.41%, 0, 0, 2, 0.97
1585936457, 3, 1, 3, 0, 0, 3.41%, 0, 0, 2, 0.97
1585936545, 3, 2, 3, 0, 0, 3.41%, 0, 0, 2, 0.97
1585936571, 4, 0, 3, 0, 0, 3.41%, 0, 0, 2, 0.97
1585936715, 4, 1, 3, 0, 0, 3.41%, 0, 0, 2, 0.97
