# unix_time, cycles_done, cur_path, paths_total, pending_total, pending_favs, map_size, unique_crashes, unique_hangs, max_depth, execs_per_sec
1585939627, 0, 0, 1, 1, 1, 3.32%, 0, 0, 1, 0.92
1585939643, 0, 0, 2, 2, 1, 3.34%, 0, 0, 2, 0.96
1585939653, 0, 0, 3, 3, 1, 3.35%, 0, 0, 2, 0.97
1585939658, 0, 0, 4, 4, 1, 3.35%, 0, 0, 2, 0.98
1585939668, 0, 0, 5, 5, 1, 3.36%, 0, 0, 2, 0.98
1585939678, 0, 0, 6, 6, 1, 3.36%, 0, 0, 2, 0.98
1585939688, 0, 0, 7, 7, 1, 3.37%, 0, 0, 2, 0.98
1585939699, 0, 0, 8, 8, 1, 3.37%, 0, 0, 2, 0.98
1585939709, 0, 0, 9, 9, 1, 3.37%, 0, 0, 2, 0.98
1585939724, 0, 0, 10, 10, 1, 3.37%, 0, 0, 2, 0.98
1585939729, 0, 0, 11, 11, 1, 3.38%, 0, 0, 2, 0.98
1585939749, 0, 0, 12, 12, 1, 3.38%, 0, 0, 2, 0.98
1585939770, 0, 0, 13, 13, 1, 3.39%, 0, 0, 2, 0.98
1585939780, 0, 0, 14, 14, 1, 3.39%, 0, 0, 2, 0.98
1585939790, 0, 0, 15, 15, 1, 3.39%, 0, 0, 2, 0.98
1585939805, 0, 0, 16, 16, 1, 3.39%, 0, 0, 2, 0.98
1585939820, 0, 0, 17, 17, 1, 3.39%, 0, 0, 2, 0.98
1585939841, 0, 0, 18, 18, 1, 3.40%, 0, 0, 2, 0.98
1585939856, 0, 0, 19, 19, 1, 3.40%, 0, 0, 2, 0.98
1585939892, 0, 0, 20, 20, 1, 3.47%, 0, 0, 2, 0.98
1585939933, 0, 0, 21, 21, 1, 3.47%, 0, 0, 2, 0.98
1585939948, 0, 0, 22, 22, 1, 3.47%, 0, 0, 2, 0.98
1585939994, 0, 0, 23, 23, 1, 3.47%, 0, 0, 2, 0.98
1585940010, 0, 0, 24, 24, 1, 3.48%, 0, 0, 2, 0.98
1585940015, 0, 0, 25, 25, 1, 3.48%, 0, 0, 2, 0.98
1585940030, 0, 0, 26, 26, 1, 3.48%, 0, 0, 2, 0.98
1585940051, 0, 0, 27, 27, 1, 3.48%, 0, 0, 2, 0.98
1585940071, 0, 0, 28, 28, 1, 3.49%, 0, 0, 2, 0.98
1585940082, 0, 0, 29, 29, 1, 3.49%, 0, 0, 2, 0.98
1585940092, 0, 0, 30, 30, 1, 3.82%, 0, 0, 2, 0.98
1585940128, 0, 0, 31, 31, 1, 3.83%, 0, 0, 2, 0.98
1585940148, 0, 0, 32, 32, 1, 3.83%, 0, 0, 2, 0.98
1585940158, 0, 0, 33, 33, 1, 3.83%, 0, 0, 2, 0.98
1585940169, 0, 0, 34, 34, 1, 3.84%, 0, 0, 2, 0.98
1585940194, 0, 0, 35, 35, 1, 3.85%, 0, 0, 2, 0.98
1585940210, 0, 0, 36, 36, 1, 3.85%, 0, 0, 2, 0.98
1585940225, 0, 0, 37, 37, 1, 3.85%, 0, 0, 2, 0.97
1585940271, 0, 0, 38, 38, 1, 3.86%, 0, 0, 2, 0.97
1585940343, 0, 0, 39, 39, 1, 3.86%, 0, 0, 2, 0.97
1585940410, 0, 0, 40, 40, 1, 3.86%, 0, 0, 2, 0.97
1585940420, 0, 0, 41, 41, 1, 3.87%, 0, 0, 2, 0.97
1585940477, 0, 0, 42, 42, 1, 3.87%, 0, 0, 2, 0.97
1585940508, 0, 0, 43, 43, 1, 3.87%, 0, 0, 2, 0.97
1585940523, 0, 0, 44, 44, 1, 3.87%, 0, 0, 2, 0.97
1585940615, 0, 0, 45, 45, 1, 3.87%, 0, 0, 2, 0.97
1585940646, 0, 0, 46, 46, 1, 3.88%, 0, 0, 2, 0.97
1585940677, 0, 0, 47, 47, 1, 3.88%, 0, 0, 2, 0.97
1585940754, 0, 0, 48, 48, 1, 3.88%, 0, 0, 2, 0.97
1585940764, 0, 0, 49, 49, 1, 3.89%, 0, 0, 2, 0.97
1585940780, 0, 0, 50, 50, 1, 3.89%, 0, 0, 2, 0.97
1585940852, 0, 0, 51, 51, 1, 3.89%, 0, 0, 2, 0.97
1585940923, 0, 0, 52, 52, 1, 3.90%, 0, 0, 2, 0.97
1585940965, 0, 0, 53, 53, 1, 3.90%, 0, 0, 2, 0.97
1585940975, 0, 0, 54, 54, 1, 3.90%, 0, 0, 2, 0.97
1585940990, 0, 0, 55, 55, 1, 3.90%, 0, 0, 2, 0.97
1585941016, 0, 0, 56, 56, 1, 3.91%, 0, 0, 2, 0.97
1585941036, 0, 0, 57, 57, 1, 3.91%, 0, 0, 2, 0.97
1585941077, 0, 0, 58, 58, 1, 3.91%, 0, 0, 2, 0.97
1585941093, 0, 0, 59, 59, 1, 3.91%, 0, 0, 2, 0.97
1585941124, 0, 0, 60, 60, 1, 3.92%, 0, 0, 2, 0.97
1585941144, 0, 0, 61, 61, 1, 3.92%, 0, 0, 2, 0.97
1585941175, 0, 0, 62, 62, 1, 3.92%, 0, 0, 2, 0.97
1585941211, 0, 0, 63, 63, 1, 3.92%, 0, 0, 2, 0.97
1585941232, 0, 0, 64, 64, 1, 3.93%, 0, 0, 2, 0.97
1585941267, 0, 0, 65, 65, 1, 3.93%, 0, 0, 2, 0.97
1585941283, 0, 0, 66, 66, 1, 3.93%, 0, 0, 2, 0.97
1585941288, 0, 0, 67, 67, 1, 3.94%, 0, 0, 2, 0.97
1585941339, 0, 0, 68, 68, 1, 3.94%, 0, 0, 2, 0.97
