# unix_time, cycles_done, cur_path, paths_total, pending_total, pending_favs, map_size, unique_crashes, unique_hangs, max_depth, execs_per_sec
1585934982, 0, 0, 1, 1, 1, 3.32%, 0, 0, 1, 0.86
1585935023, 0, 0, 2, 1, 0, 3.32%, 0, 0, 1, 0.98
1585935200, 0, 1, 2, 1, 0, 3.32%, 0, 0, 1, 0.98
1585935246, 0, 1, 3, 2, 0, 3.41%, 0, 0, 2, 0.98
1585935541, 0, 2, 3, 1, 1, 3.41%, 0, 0, 2, 0.98
1585935810, 1, 0, 3, 0, 0, 3.41%, 0, 0, 2, 0.98
1585936079, 1, 1, 3, 0, 0, 3.41%, 0, 0, 2, 0.98
1585936349, 1, 2, 3, 0, 0, 3.41%, 0, 0, 2, 0.98
1585936730, 2, 0, 3, 0, 0, 3.41%, 0, 0, 2, 0.98
