# unix_time, cycles_done, cur_path, paths_total, pending_total, pending_favs, map_size, unique_crashes, unique_hangs, max_depth, execs_per_sec
1585939628, 0, 0, 1, 1, 1, 3.33%, 0, 0, 1, 0.92
1585939643, 0, 0, 2, 2, 1, 3.75%, 0, 0, 2, 0.96
1585939653, 0, 0, 3, 3, 1, 3.75%, 0, 0, 2, 0.97
1585939658, 0, 0, 4, 4, 1, 3.75%, 0, 0, 2, 0.98
1585939668, 0, 0, 5, 5, 1, 3.75%, 0, 0, 2, 0.98
1585939678, 0, 0, 6, 6, 1, 4.06%, 0, 0, 2, 0.98
1585939688, 0, 0, 7, 7, 1, 4.09%, 0, 0, 2, 0.98
1585939699, 0, 0, 8, 8, 1, 4.10%, 0, 0, 2, 0.98
1585939709, 0, 0, 9, 9, 1, 4.10%, 0, 0, 2, 0.98
1585939719, 0, 0, 10, 10, 1, 4.10%, 0, 0, 2, 0.98
1585939729, 0, 0, 11, 11, 1, 4.10%, 0, 0, 2, 0.98
1585939775, 0, 0, 12, 12, 1, 4.11%, 0, 0, 2, 0.98
1585939780, 0, 0, 13, 13, 1, 4.11%, 0, 0, 2, 0.98
1585939795, 0, 0, 14, 14, 1, 4.11%, 0, 0, 2, 0.98
1585939841, 0, 0, 15, 15, 1, 4.47%, 0, 0, 2, 0.98
1585939861, 0, 0, 16, 16, 1, 4.47%, 0, 0, 2, 0.98
1585939876, 0, 0, 17, 17, 1, 4.50%, 0, 0, 2, 0.98
1585939881, 0, 0, 18, 18, 1, 4.50%, 0, 0, 2, 0.98
1585939927, 0, 0, 19, 19, 1, 4.57%, 0, 0, 2, 0.98
1585939937, 0, 0, 20, 20, 1, 4.62%, 0, 0, 2, 0.98
1585939948, 0, 0, 21, 21, 1, 4.68%, 0, 0, 2, 0.98
1585939963, 0, 0, 22, 22, 1, 4.68%, 0, 0, 2, 0.98
1585940029, 0, 0, 23, 23, 1, 4.74%, 0, 0, 2, 0.98
1585940054, 0, 0, 24, 24, 1, 4.74%, 0, 0, 2, 0.98
1585940100, 0, 0, 25, 25, 1, 4.74%, 0, 0, 2, 0.98
1585940131, 0, 0, 26, 26, 1, 4.74%, 0, 0, 2, 0.98
1585940146, 0, 0, 27, 27, 1, 5.08%, 0, 0, 2, 0.98
1585940242, 0, 0, 28, 28, 1, 5.08%, 0, 0, 2, 0.98
1585940364, 0, 0, 29, 29, 1, 5.08%, 0, 0, 2, 0.98
1585940522, 0, 0, 30, 30, 1, 5.08%, 0, 0, 2, 0.98
1585940583, 0, 0, 31, 31, 1, 5.08%, 0, 0, 2, 0.98
1585940624, 0, 0, 32, 32, 1, 5.08%, 0, 0, 2, 0.98
1585940644, 0, 0, 33, 33, 1, 5.33%, 0, 0, 2, 0.98
1585940690, 0, 0, 34, 34, 1, 5.34%, 0, 0, 2, 0.98
1585940716, 0, 0, 35, 35, 1, 5.34%, 0, 0, 2, 0.98
1585940746, 0, 0, 36, 36, 1, 5.34%, 0, 0, 2, 0.98
1585940858, 0, 0, 37, 37, 1, 5.34%, 0, 0, 2, 0.98
1585940914, 0, 0, 38, 38, 1, 5.34%, 0, 0, 2, 0.98
1585940996, 0, 0, 39, 39, 1, 5.34%, 0, 0, 2, 0.98
1585941021, 0, 0, 40, 40, 1, 5.34%, 0, 0, 2, 0.98
1585941113, 0, 0, 41, 41, 1, 5.34%, 0, 0, 2, 0.98
1585941174, 0, 0, 42, 42, 1, 5.35%, 0, 0, 2, 0.98
1585941209, 0, 0, 43, 43, 1, 5.35%, 0, 0, 2, 0.98
1585941245, 0, 0, 44, 44, 1, 5.35%, 0, 0, 2, 0.98
1585941306, 0, 0, 45, 45, 1, 5.35%, 0, 0, 2, 0.98
