# unix_time, cycles_done, cur_path, paths_total, pending_total, pending_favs, map_size, unique_crashes, unique_hangs, max_depth, execs_per_sec
1585939627, 0, 0, 1, 1, 1, 3.35%, 0, 0, 1, 0.92
1585939643, 0, 0, 2, 2, 1, 3.35%, 0, 0, 2, 0.96
1585939653, 0, 0, 3, 3, 1, 3.77%, 0, 0, 2, 0.97
1585939658, 0, 0, 4, 4, 1, 3.77%, 0, 0, 2, 0.98
1585939668, 0, 0, 5, 5, 1, 3.77%, 0, 0, 2, 0.98
1585939678, 0, 0, 6, 6, 1, 3.81%, 0, 0, 2, 0.98
1585939688, 0, 0, 7, 7, 1, 3.81%, 0, 0, 2, 0.98
1585939698, 0, 0, 8, 8, 1, 3.81%, 0, 0, 2, 0.98
1585939709, 0, 0, 9, 9, 1, 3.81%, 0, 0, 2, 0.98
1585939754, 0, 0, 10, 10, 1, 3.81%, 0, 0, 2, 0.98
1585939765, 0, 0, 11, 11, 1, 3.82%, 0, 0, 2, 0.98
1585939785, 0, 0, 12, 12, 1, 3.82%, 0, 0, 2, 0.98
1585939800, 0, 0, 13, 13, 1, 3.83%, 0, 0, 2, 0.98
1585939810, 0, 0, 14, 14, 1, 3.85%, 0, 0, 2, 0.98
1585939825, 0, 0, 15, 15, 1, 3.85%, 0, 0, 2, 0.98
1585939881, 0, 0, 16, 16, 1, 3.85%, 0, 0, 2, 0.98
1585939892, 0, 0, 17, 17, 1, 3.93%, 0, 0, 2, 0.98
1585939932, 0, 0, 18, 18, 1, 4.08%, 0, 0, 2, 0.98
1585939942, 0, 0, 19, 19, 1, 4.08%, 0, 0, 2, 0.98
1585939953, 0, 0, 20, 20, 1, 4.08%, 0, 0, 2, 0.98
1585939973, 0, 0, 21, 21, 1, 4.08%, 0, 0, 2, 0.98
1585939998, 0, 0, 22, 22, 1, 4.08%, 0, 0, 2, 0.98
1585940008, 0, 0, 23, 23, 1, 4.45%, 0, 0, 2, 0.98
1585940044, 0, 0, 24, 24, 1, 4.45%, 0, 0, 2, 0.98
1585940069, 0, 0, 25, 25, 1, 4.82%, 0, 0, 2, 0.98
1585940090, 0, 0, 26, 26, 1, 4.82%, 0, 0, 2, 0.98
1585940130, 0, 0, 27, 27, 1, 4.82%, 0, 0, 2, 0.98
1585940140, 0, 0, 28, 28, 1, 5.15%, 0, 0, 2, 0.98
1585940151, 0, 0, 29, 29, 1, 5.15%, 0, 0, 2, 0.98
1585940181, 0, 0, 30, 30, 1, 5.15%, 0, 0, 2, 0.98
1585940247, 0, 0, 31, 31, 1, 5.15%, 0, 0, 2, 0.98
1585940262, 0, 0, 32, 32, 1, 5.15%, 0, 0, 2, 0.98
1585940288, 0, 0, 33, 33, 1, 5.16%, 0, 0, 2, 0.98
1585940313, 0, 0, 34, 34, 1, 5.16%, 0, 0, 2, 0.98
1585940329, 0, 0, 35, 35, 1, 5.16%, 0, 0, 2, 0.98
1585940461, 0, 0, 36, 36, 1, 5.16%, 0, 0, 2, 0.98
1585940517, 0, 0, 37, 37, 1, 5.17%, 0, 0, 2, 0.98
1585940542, 0, 0, 38, 38, 1, 5.17%, 0, 0, 2, 0.98
1585940624, 0, 0, 39, 39, 1, 5.18%, 0, 0, 2, 0.98
1585940858, 0, 0, 40, 40, 1, 5.18%, 0, 0, 2, 0.98
1585940888, 0, 0, 41, 41, 1, 5.18%, 0, 0, 2, 0.98
1585940898, 0, 0, 42, 42, 1, 5.18%, 0, 0, 2, 0.98
1585940909, 0, 0, 43, 43, 1, 5.18%, 0, 0, 2, 0.98
1585940949, 0, 0, 44, 44, 1, 5.18%, 0, 0, 2, 0.98
1585940975, 0, 0, 45, 45, 1, 5.18%, 0, 0, 2, 0.98
1585941010, 0, 0, 46, 46, 1, 5.18%, 0, 0, 2, 0.98
1585941031, 0, 0, 47, 47, 1, 5.18%, 0, 0, 2, 0.98
1585941056, 0, 0, 48, 48, 1, 5.18%, 0, 0, 2, 0.98
1585941076, 0, 0, 49, 49, 1, 5.19%, 0, 0, 2, 0.98
1585941168, 0, 0, 50, 50, 1, 5.19%, 0, 0, 2, 0.98
1585941290, 0, 0, 51, 51, 1, 5.19%, 0, 0, 2, 0.98
1585941320, 0, 0, 52, 52, 1, 5.19%, 0, 0, 2, 0.98
1585941351, 0, 0, 53, 53, 1, 5.19%, 0, 0, 2, 0.98
