# unix_time, cycles_done, cur_path, paths_total, pending_total, pending_favs, map_size, unique_crashes, unique_hangs, max_depth, execs_per_sec
1585934982, 0, 0, 1, 1, 1, 3.33%, 0, 0, 1, 0.87
1585935007, 0, 0, 2, 2, 1, 3.33%, 0, 0, 2, 0.96
1585935083, 0, 0, 3, 3, 1, 3.33%, 0, 0, 2, 0.98
1585935246, 0, 0, 4, 4, 1, 3.41%, 0, 0, 2, 0.98
1585935378, 0, 0, 4, 3, 0, 3.41%, 0, 0, 2, 0.98
1585935622, 0, 1, 4, 3, 2, 3.41%, 0, 0, 2, 0.98
1585935902, 0, 3, 4, 2, 1, 3.41%, 0, 0, 2, 0.98
1585936171, 1, 0, 4, 1, 0, 3.41%, 0, 0, 2, 0.98
1585936441, 1, 1, 4, 1, 0, 3.41%, 0, 0, 2, 0.98
1585936711, 1, 2, 4, 1, 0, 3.41%, 0, 0, 2, 0.98
