# unix_time, cycles_done, cur_path, paths_total, pending_total, pending_favs, map_size, unique_crashes, unique_hangs, max_depth, execs_per_sec
1585939627, 0, 0, 1, 1, 1, 3.32%, 0, 0, 1, 0.92
1585939643, 0, 0, 2, 2, 1, 3.32%, 0, 0, 2, 0.96
1585939653, 0, 0, 3, 3, 1, 3.33%, 0, 0, 2, 0.97
1585939663, 0, 0, 4, 4, 1, 3.76%, 0, 0, 2, 0.98
1585939673, 0, 0, 5, 5, 1, 4.08%, 0, 0, 2, 0.98
1585939678, 0, 0, 6, 6, 1, 4.09%, 0, 0, 2, 0.98
1585939688, 0, 0, 7, 7, 1, 4.09%, 0, 0, 2, 0.98
1585939699, 0, 0, 8, 8, 1, 4.09%, 0, 0, 2, 0.98
1585939709, 0, 0, 9, 9, 1, 4.09%, 0, 0, 2, 0.98
1585939719, 0, 0, 10, 10, 1, 4.09%, 0, 0, 2, 0.98
1585939729, 0, 0, 11, 11, 1, 4.09%, 0, 0, 2, 0.98
1585939739, 0, 0, 12, 12, 1, 4.41%, 0, 0, 2, 0.98
1585939749, 0, 0, 13, 13, 1, 4.41%, 0, 0, 2, 0.98
1585939795, 0, 0, 14, 14, 1, 4.41%, 0, 0, 2, 0.98
1585939805, 0, 0, 15, 15, 1, 4.41%, 0, 0, 2, 0.98
1585939820, 0, 0, 16, 16, 1, 4.72%, 0, 0, 2, 0.98
1585939831, 0, 0, 17, 17, 1, 4.72%, 0, 0, 2, 0.98
1585939846, 0, 0, 18, 18, 1, 4.73%, 0, 0, 2, 0.98
1585939866, 0, 0, 19, 19, 1, 4.73%, 0, 0, 2, 0.98
1585939892, 0, 0, 20, 20, 1, 4.80%, 0, 0, 2, 0.98
1585939932, 0, 0, 21, 21, 1, 4.85%, 0, 0, 2, 0.98
1585939942, 0, 0, 22, 22, 1, 4.85%, 0, 0, 2, 0.98
1585939983, 0, 0, 23, 23, 1, 4.90%, 0, 0, 2, 0.98
1585939998, 0, 0, 24, 24, 1, 4.91%, 0, 0, 2, 0.98
1585940014, 0, 0, 25, 25, 1, 4.95%, 0, 0, 2, 0.98
1585940029, 0, 0, 26, 26, 1, 5.01%, 0, 0, 2, 0.98
1585940049, 0, 0, 27, 27, 1, 5.01%, 0, 0, 2, 0.98
1585940059, 0, 0, 28, 28, 1, 5.35%, 0, 0, 2, 0.98
1585940085, 0, 0, 29, 29, 1, 5.35%, 0, 0, 2, 0.98
1585940105, 0, 0, 30, 30, 1, 5.35%, 0, 0, 2, 0.98
1585940207, 0, 0, 31, 31, 1, 5.35%, 0, 0, 2, 0.98
1585940232, 0, 0, 32, 32, 1, 5.35%, 0, 0, 2, 0.98
1585940242, 0, 0, 33, 33, 1, 5.36%, 0, 0, 2, 0.98
1585940359, 0, 0, 34, 34, 1, 5.36%, 0, 0, 2, 0.98
1585940512, 0, 0, 35, 35, 1, 5.36%, 0, 0, 2, 0.98
1585940588, 0, 0, 36, 36, 1, 5.36%, 0, 0, 2, 0.98
1585940619, 0, 0, 37, 37, 1, 5.36%, 0, 0, 2, 0.98
1585940649, 0, 0, 38, 38, 1, 5.38%, 0, 0, 2, 0.98
1585940858, 0, 0, 39, 39, 1, 5.38%, 0, 0, 2, 0.98
1585940878, 0, 0, 40, 40, 1, 5.39%, 0, 0, 2, 0.98
1585940904, 0, 0, 41, 41, 1, 5.39%, 0, 0, 2, 0.98
1585940914, 0, 0, 42, 42, 1, 5.39%, 0, 0, 2, 0.98
1585941026, 0, 0, 43, 43, 1, 5.39%, 0, 0, 2, 0.98
1585941041, 0, 0, 44, 44, 1, 5.39%, 0, 0, 2, 0.98
1585941214, 0, 0, 45, 45, 1, 5.39%, 0, 0, 2, 0.98
1585941285, 0, 0, 46, 46, 1, 5.39%, 0, 0, 2, 0.98
1585941336, 0, 0, 47, 47, 1, 5.39%, 0, 0, 2, 0.98
