# unix_time, cycles_done, cur_path, paths_total, pending_total, pending_favs, map_size, unique_crashes, unique_hangs, max_depth, execs_per_sec
1585934986, 0, 0, 1, 1, 1, 3.31%, 0, 0, 1, 0.79
1585935027, 0, 0, 1, 0, 0, 3.31%, 0, 0, 1, 0.97
1585935057, 0, 0, 2, 1, 0, 3.31%, 0, 0, 1, 0.98
1585935205, 0, 1, 2, 1, 1, 3.31%, 0, 0, 1, 0.99
1585935250, 0, 1, 3, 2, 1, 3.38%, 0, 0, 2, 0.99
1585935540, 0, 2, 3, 1, 1, 3.38%, 0, 0, 2, 0.99
1585935828, 1, 0, 3, 0, 0, 3.38%, 0, 0, 2, 0.97
1585936101, 1, 1, 3, 0, 0, 3.38%, 0, 0, 2, 0.97
1585936375, 1, 2, 3, 0, 0, 3.38%, 0, 0, 2, 0.97
