# unix_time, cycles_done, cur_path, paths_total, pending_total, pending_favs, map_size, unique_crashes, unique_hangs, max_depth, execs_per_sec
1585934986, 0, 0, 1, 1, 1, 3.41%, 0, 0, 1, 0.80
1585935026, 0, 0, 1, 0, 0, 3.41%, 0, 0, 1, 0.97
1585935164, 1, 0, 1, 0, 0, 3.41%, 0, 0, 1, 0.98
1585935189, 2, 0, 1, 0, 0, 3.41%, 0, 0, 1, 0.98
1585935214, 3, 0, 1, 0, 0, 3.41%, 0, 0, 1, 0.98
1585935240, 4, 0, 1, 0, 0, 3.41%, 0, 0, 1, 0.98
1585935245, 4, 0, 2, 1, 0, 3.50%, 0, 0, 2, 0.98
1585935413, 4, 0, 3, 2, 0, 3.50%, 0, 0, 2, 0.98
1585935519, 4, 2, 3, 2, 1, 3.50%, 0, 0, 2, 0.98
1585935621, 4, 2, 3, 1, 0, 3.50%, 0, 0, 2, 0.98
1585935733, 5, 0, 3, 1, 0, 3.50%, 0, 0, 2, 0.98
1585935854, 5, 1, 3, 1, 0, 3.50%, 0, 0, 2, 0.98
1585936048, 5, 2, 3, 0, 0, 3.50%, 0, 0, 2, 0.98
1585936073, 6, 0, 3, 0, 0, 3.50%, 0, 0, 2, 0.98
1585936246, 6, 1, 3, 0, 0, 3.50%, 0, 0, 2, 0.98
1585936434, 6, 2, 3, 0, 0, 3.50%, 0, 0, 2, 0.98
1585936460, 7, 0, 3, 0, 0, 3.50%, 0, 0, 2, 0.98
1585936648, 7, 1, 3, 0, 0, 3.50%, 0, 0, 2, 0.98
