# unix_time, cycles_done, cur_path, paths_total, pending_total, pending_favs, map_size, unique_crashes, unique_hangs, max_depth, execs_per_sec
1585934983, 0, 0, 1, 1, 1, 3.34%, 0, 0, 1, 0.85
1585935023, 0, 0, 1, 0, 0, 3.34%, 0, 0, 1, 0.98
1585935028, 0, 0, 2, 1, 0, 3.34%, 0, 0, 1, 0.98
1585935165, 0, 1, 2, 1, 1, 3.34%, 0, 0, 1, 0.99
1585935206, 1, 0, 2, 0, 0, 3.34%, 0, 0, 1, 0.99
1585935231, 1, 1, 2, 0, 0, 3.34%, 0, 0, 1, 0.99
1585935246, 1, 1, 3, 1, 0, 3.42%, 0, 0, 2, 0.99
1585935434, 1, 2, 3, 1, 1, 3.42%, 0, 0, 2, 0.99
1585935744, 2, 0, 3, 0, 0, 3.42%, 0, 0, 2, 0.99
1585936013, 2, 1, 3, 0, 0, 3.42%, 0, 0, 2, 0.98
1585936186, 2, 2, 3, 0, 0, 3.42%, 0, 0, 2, 0.98
1585936455, 3, 0, 3, 0, 0, 3.42%, 0, 0, 2, 0.98
1585936623, 3, 1, 3, 0, 0, 3.42%, 0, 0, 2, 0.98
