# unix_time, cycles_done, cur_path, paths_total, pending_total, pending_favs, map_size, unique_crashes, unique_hangs, max_depth, execs_per_sec
1585934987, 0, 0, 1, 1, 1, 3.35%, 0, 0, 1, 0.78
1585935028, 0, 0, 1, 0, 0, 3.35%, 0, 0, 1, 0.96
1585935167, 1, 0, 1, 0, 0, 3.35%, 0, 0, 1, 0.97
1585935193, 2, 0, 1, 0, 0, 3.35%, 0, 0, 1, 0.97
1585935219, 3, 0, 1, 0, 0, 3.35%, 0, 0, 1, 0.97
1585935245, 4, 0, 1, 0, 0, 3.35%, 0, 0, 1, 0.97
1585935250, 4, 0, 2, 1, 0, 3.44%, 0, 0, 2, 0.97
1585935410, 4, 0, 3, 2, 0, 3.44%, 0, 0, 2, 0.97
1585935612, 4, 1, 3, 2, 1, 3.44%, 0, 0, 2, 0.97
1585936005, 4, 1, 3, 1, 0, 3.44%, 0, 0, 2, 0.97
1585936118, 4, 2, 3, 1, 0, 3.44%, 0, 0, 2, 0.98
1585936520, 5, 0, 3, 0, 0, 3.44%, 0, 0, 2, 0.98
