# unix_time, cycles_done, cur_path, paths_total, pending_total, pending_favs, map_size, unique_crashes, unique_hangs, max_depth, execs_per_sec
1585939627, 0, 0, 1, 1, 1, 3.33%, 0, 0, 1, 0.92
1585939648, 0, 0, 2, 2, 1, 3.33%, 0, 0, 2, 0.97
1585939668, 0, 0, 3, 3, 1, 3.36%, 0, 0, 2, 0.98
1585939683, 0, 0, 4, 4, 1, 3.79%, 0, 0, 2, 0.98
1585939698, 0, 0, 5, 5, 1, 3.79%, 0, 0, 2, 0.98
1585939739, 0, 0, 6, 6, 1, 3.79%, 0, 0, 2, 0.98
1585939765, 0, 0, 7, 7, 1, 3.81%, 0, 0, 2, 0.98
1585939892, 0, 0, 8, 8, 1, 3.88%, 0, 0, 2, 0.98
1585939958, 0, 0, 9, 9, 1, 3.88%, 0, 0, 2, 0.98
1585940136, 0, 0, 10, 10, 1, 3.94%, 0, 0, 2, 0.98
1585940186, 0, 0, 11, 11, 1, 3.94%, 0, 0, 2, 0.98
1585940578, 0, 0, 12, 12, 1, 3.95%, 0, 0, 2, 0.98
1585941143, 0, 0, 13, 13, 1, 3.95%, 0, 0, 2, 0.98
