# unix_time, cycles_done, cur_path, paths_total, pending_total, pending_favs, map_size, unique_crashes, unique_hangs, max_depth, execs_per_sec
1585934986, 0, 0, 1, 1, 1, 3.30%, 0, 0, 1, 0.80
1585935006, 0, 0, 2, 2, 1, 3.30%, 0, 0, 2, 0.93
1585935042, 0, 0, 3, 3, 1, 3.30%, 0, 0, 2, 0.98
1585935245, 0, 0, 4, 4, 1, 3.37%, 0, 0, 2, 0.98
1585935453, 0, 0, 4, 3, 0, 3.37%, 0, 0, 2, 0.98
1585935697, 0, 2, 4, 3, 2, 3.37%, 0, 0, 2, 0.98
1585935971, 0, 3, 4, 2, 1, 3.37%, 0, 0, 2, 0.98
1585936241, 1, 0, 4, 1, 0, 3.37%, 0, 0, 2, 0.98
1585936511, 1, 1, 4, 1, 0, 3.37%, 0, 0, 2, 0.98
