# unix_time, cycles_done, cur_path, paths_total, pending_total, pending_favs, map_size, unique_crashes, unique_hangs, max_depth, execs_per_sec
1585934987, 0, 0, 1, 1, 1, 3.34%, 0, 0, 1, 0.79
1585935007, 0, 0, 2, 2, 1, 3.34%, 0, 0, 2, 0.92
1585935249, 0, 0, 3, 3, 1, 3.40%, 0, 0, 2, 0.97
1585935368, 0, 0, 3, 2, 0, 3.40%, 0, 0, 2, 0.97
1585935479, 0, 0, 4, 3, 0, 3.40%, 0, 0, 2, 0.99
1585935611, 0, 1, 4, 3, 2, 3.40%, 0, 0, 2, 0.98
1585935894, 0, 3, 4, 2, 1, 3.40%, 0, 0, 2, 0.97
1585936027, 1, 0, 4, 1, 0, 3.40%, 0, 0, 2, 0.97
1585936249, 1, 1, 4, 1, 0, 3.40%, 0, 0, 2, 0.97
1585936523, 1, 2, 4, 1, 0, 3.40%, 0, 0, 2, 0.97
