# unix_time, cycles_done, cur_path, paths_total, pending_total, pending_favs, map_size, unique_crashes, unique_hangs, max_depth, execs_per_sec
1585934982, 0, 0, 1, 1, 1, 3.37%, 0, 0, 1, 0.86
1585935007, 0, 0, 2, 2, 1, 3.37%, 0, 0, 2, 0.96
1585935084, 0, 0, 3, 3, 1, 3.37%, 0, 0, 2, 0.99
1585935195, 0, 0, 3, 2, 0, 3.37%, 0, 0, 2, 0.99
1585935246, 0, 0, 4, 3, 0, 3.45%, 0, 0, 2, 0.99
1585935424, 0, 2, 4, 3, 2, 3.45%, 0, 0, 2, 0.99
1585935449, 0, 3, 4, 2, 1, 3.45%, 0, 0, 2, 0.99
1585935550, 1, 0, 4, 1, 0, 3.45%, 0, 0, 2, 0.99
1585935672, 1, 1, 4, 1, 0, 3.45%, 0, 0, 2, 0.98
1585935946, 1, 2, 4, 0, 0, 3.45%, 0, 0, 2, 0.99
1585936033, 1, 3, 4, 0, 0, 3.45%, 0, 0, 2, 0.98
1585936124, 2, 0, 4, 0, 0, 3.45%, 0, 0, 2, 0.98
1585936231, 2, 1, 4, 0, 0, 3.45%, 0, 0, 2, 0.98
1585936500, 2, 2, 4, 0, 0, 3.45%, 0, 0, 2, 0.98
1585936526, 2, 3, 4, 0, 0, 3.45%, 0, 0, 2, 0.98
1585936633, 3, 0, 4, 0, 0, 3.45%, 0, 0, 2, 0.98
