# unix_time, cycles_done, cur_path, paths_total, pending_total, pending_favs, map_size, unique_crashes, unique_hangs, max_depth, execs_per_sec
1585939627, 0, 0, 1, 1, 1, 3.32%, 0, 0, 1, 0.92
1585939643, 0, 0, 2, 2, 1, 3.35%, 0, 0, 2, 0.96
1585939653, 0, 0, 3, 3, 1, 3.57%, 0, 0, 2, 0.97
1585939663, 0, 0, 4, 4, 1, 3.57%, 0, 0, 2, 0.98
1585939673, 0, 0, 5, 5, 1, 3.58%, 0, 0, 2, 0.98
1585939683, 0, 0, 6, 6, 1, 3.58%, 0, 0, 2, 0.98
1585939693, 0, 0, 7, 7, 1, 3.58%, 0, 0, 2, 0.98
1585939709, 0, 0, 8, 8, 1, 3.59%, 0, 0, 2, 0.98
1585939719, 0, 0, 9, 9, 1, 3.59%, 0, 0, 2, 0.98
1585939729, 0, 0, 10, 10, 1, 3.59%, 0, 0, 2, 0.98
1585939739, 0, 0, 11, 11, 1, 3.59%, 0, 0, 2, 0.98
1585939759, 0, 0, 12, 12, 1, 3.59%, 0, 0, 2, 0.98
1585939825, 0, 0, 13, 13, 1, 3.59%, 0, 0, 2, 0.98
1585939871, 0, 0, 14, 14, 1, 3.59%, 0, 0, 2, 0.98
1585939881, 0, 0, 15, 15, 1, 3.59%, 0, 0, 2, 0.98
1585939886, 0, 0, 16, 16, 1, 3.59%, 0, 0, 2, 0.98
1585939932, 0, 0, 17, 17, 1, 3.69%, 0, 0, 2, 0.98
1585939937, 0, 0, 18, 18, 1, 3.69%, 0, 0, 2, 0.98
1585939952, 0, 0, 19, 19, 1, 3.71%, 0, 0, 2, 0.98
1585939988, 0, 0, 20, 20, 1, 3.72%, 0, 0, 2, 0.98
1585940034, 0, 0, 21, 21, 1, 3.72%, 0, 0, 2, 0.98
1585940049, 0, 0, 22, 22, 1, 3.72%, 0, 0, 2, 0.98
1585940059, 0, 0, 23, 23, 1, 3.72%, 0, 0, 2, 0.98
1585940085, 0, 0, 24, 24, 1, 3.72%, 0, 0, 2, 0.98
1585940171, 0, 0, 25, 25, 1, 4.16%, 0, 0, 2, 0.98
1585940217, 0, 0, 26, 26, 1, 4.17%, 0, 0, 2, 0.98
1585940257, 0, 0, 27, 27, 1, 4.17%, 0, 0, 2, 0.98
1585940273, 0, 0, 28, 28, 1, 4.17%, 0, 0, 2, 0.98
1585940354, 0, 0, 29, 29, 1, 4.17%, 0, 0, 2, 0.98
1585940425, 0, 0, 30, 30, 1, 4.17%, 0, 0, 2, 0.98
1585940430, 0, 0, 31, 31, 1, 4.55%, 0, 0, 2, 0.98
1585940751, 0, 0, 32, 32, 1, 4.55%, 0, 0, 2, 0.98
1585940771, 0, 0, 33, 33, 1, 4.55%, 0, 0, 2, 0.98
1585940782, 0, 0, 34, 34, 1, 4.55%, 0, 0, 2, 0.98
1585940878, 0, 0, 35, 35, 1, 4.55%, 0, 0, 2, 0.98
1585940893, 0, 0, 36, 36, 1, 4.55%, 0, 0, 2, 0.98
1585940990, 0, 0, 37, 37, 1, 4.55%, 0, 0, 2, 0.98
1585941346, 0, 0, 38, 38, 1, 4.55%, 0, 0, 2, 0.98
