# unix_time, cycles_done, cur_path, paths_total, pending_total, pending_favs, map_size, unique_crashes, unique_hangs, max_depth, execs_per_sec
1585934986, 0, 0, 1, 1, 1, 3.35%, 0, 0, 1, 0.80
1585935026, 0, 0, 1, 0, 0, 3.35%, 0, 0, 1, 0.97
1585935047, 0, 0, 2, 1, 0, 3.35%, 0, 0, 1, 0.98
1585935209, 0, 1, 2, 1, 0, 3.35%, 0, 0, 1, 0.98
1585935245, 0, 1, 3, 2, 0, 3.43%, 0, 0, 2, 0.98
1585935412, 0, 1, 4, 3, 0, 3.43%, 0, 0, 2, 0.98
1585935570, 0, 2, 4, 2, 1, 3.43%, 0, 0, 2, 0.98
1585935844, 0, 3, 4, 1, 0, 3.43%, 0, 0, 2, 0.98
1585936139, 1, 0, 4, 0, 0, 3.43%, 0, 0, 2, 0.98
1585936409, 1, 1, 4, 0, 0, 3.43%, 0, 0, 2, 0.98
