# unix_time, cycles_done, cur_path, paths_total, pending_total, pending_favs, map_size, unique_crashes, unique_hangs, max_depth, execs_per_sec
1585934986, 0, 0, 1, 1, 1, 3.36%, 0, 0, 1, 0.80
1585935026, 0, 0, 1, 0, 0, 3.36%, 0, 0, 1, 0.97
1585935165, 1, 0, 1, 0, 0, 3.36%, 0, 0, 1, 0.98
1585935190, 2, 0, 1, 0, 0, 3.36%, 0, 0, 1, 0.98
1585935216, 3, 0, 1, 0, 0, 3.36%, 0, 0, 1, 0.98
1585935242, 4, 0, 1, 0, 0, 3.36%, 0, 0, 1, 0.98
1585935247, 4, 0, 2, 1, 0, 3.44%, 0, 0, 2, 0.98
1585935579, 4, 1, 2, 1, 1, 3.44%, 0, 0, 2, 0.98
1585935935, 4, 1, 2, 0, 0, 3.44%, 0, 0, 2, 0.98
1585936053, 5, 0, 2, 0, 0, 3.44%, 0, 0, 2, 0.98
1585936322, 5, 1, 2, 0, 0, 3.44%, 0, 0, 2, 0.98
1585936592, 6, 0, 2, 0, 0, 3.44%, 0, 0, 2, 0.98
