# unix_time, cycles_done, cur_path, paths_total, pending_total, pending_favs, map_size, unique_crashes, unique_hangs, max_depth, execs_per_sec
1585934986, 0, 0, 1, 1, 1, 3.30%, 0, 0, 1, 0.80
1585935026, 0, 0, 1, 0, 0, 3.30%, 0, 0, 1, 0.97
1585935163, 1, 0, 1, 0, 0, 3.30%, 0, 0, 1, 0.98
1585935189, 2, 0, 1, 0, 0, 3.30%, 0, 0, 1, 0.98
1585935214, 3, 0, 1, 0, 0, 3.30%, 0, 0, 1, 0.98
1585935240, 4, 0, 1, 0, 0, 3.30%, 0, 0, 1, 0.98
1585935245, 4, 0, 2, 1, 0, 3.38%, 0, 0, 2, 0.98
1585935331, 4, 1, 2, 1, 1, 3.38%, 0, 0, 2, 0.98
1585935433, 4, 1, 2, 0, 0, 3.38%, 0, 0, 2, 0.98
1585935544, 5, 0, 2, 0, 0, 3.38%, 0, 0, 2, 0.98
1585935570, 5, 1, 2, 0, 0, 3.38%, 0, 0, 2, 0.98
1585935595, 6, 0, 2, 0, 0, 3.38%, 0, 0, 2, 0.98
1585935621, 6, 1, 2, 0, 0, 3.38%, 0, 0, 2, 0.98
1585935646, 7, 0, 2, 0, 0, 3.38%, 0, 0, 2, 0.98
1585935671, 7, 1, 2, 0, 0, 3.38%, 0, 0, 2, 0.98
1585935697, 8, 0, 2, 0, 0, 3.38%, 0, 0, 2, 0.98
1585935722, 8, 1, 2, 0, 0, 3.38%, 0, 0, 2, 0.98
1585935748, 9, 0, 2, 0, 0, 3.38%, 0, 0, 2, 0.98
1585935773, 9, 1, 2, 0, 0, 3.38%, 0, 0, 2, 0.98
1585935804, 10, 0, 2, 0, 0, 3.38%, 0, 0, 2, 0.98
1585935829, 10, 1, 2, 0, 0, 3.38%, 0, 0, 2, 0.98
1585935854, 11, 0, 2, 0, 0, 3.38%, 0, 0, 2, 0.98
1585935880, 11, 1, 2, 0, 0, 3.38%, 0, 0, 2, 0.98
1585935905, 12, 0, 2, 0, 0, 3.38%, 0, 0, 2, 0.98
1585935931, 12, 1, 2, 0, 0, 3.38%, 0, 0, 2, 0.98
1585935956, 13, 0, 2, 0, 0, 3.38%, 0, 0, 2, 0.98
1585935981, 13, 1, 2, 0, 0, 3.38%, 0, 0, 2, 0.98
1585936007, 14, 0, 2, 0, 0, 3.38%, 0, 0, 2, 0.98
1585936032, 14, 1, 2, 0, 0, 3.38%, 0, 0, 2, 0.98
1585936058, 15, 0, 2, 0, 0, 3.38%, 0, 0, 2, 0.98
1585936083, 15, 1, 2, 0, 0, 3.38%, 0, 0, 2, 0.98
1585936108, 16, 0, 2, 0, 0, 3.38%, 0, 0, 2, 0.98
1585936134, 16, 1, 2, 0, 0, 3.38%, 0, 0, 2, 0.98
1585936159, 17, 0, 2, 0, 0, 3.38%, 0, 0, 2, 0.98
1585936185, 17, 1, 2, 0, 0, 3.38%, 0, 0, 2, 0.98
1585936210, 18, 0, 2, 0, 0, 3.38%, 0, 0, 2, 0.98
1585936235, 18, 1, 2, 0, 0, 3.38%, 0, 0, 2, 0.98
1585936261, 19, 0, 2, 0, 0, 3.38%, 0, 0, 2, 0.98
1585936286, 19, 1, 2, 0, 0, 3.38%, 0, 0, 2, 0.98
1585936312, 20, 0, 2, 0, 0, 3.38%, 0, 0, 2, 0.98
1585936337, 20, 1, 2, 0, 0, 3.38%, 0, 0, 2, 0.98
1585936363, 21, 0, 2, 0, 0, 3.38%, 0, 0, 2, 0.98
1585936388, 21, 1, 2, 0, 0, 3.38%, 0, 0, 2, 0.98
1585936413, 22, 0, 2, 0, 0, 3.38%, 0, 0, 2, 0.98
1585936439, 22, 1, 2, 0, 0, 3.38%, 0, 0, 2, 0.98
1585936464, 23, 0, 2, 0, 0, 3.38%, 0, 0, 2, 0.98
1585936490, 23, 1, 2, 0, 0, 3.38%, 0, 0, 2, 0.98
1585936515, 24, 0, 2, 0, 0, 3.38%, 0, 0, 2, 0.98
1585936540, 24, 1, 2, 0, 0, 3.38%, 0, 0, 2, 0.98
1585936566, 25, 0, 2, 0, 0, 3.38%, 0, 0, 2, 0.98
1585936591, 25, 1, 2, 0, 0, 3.38%, 0, 0, 2, 0.98
1585936617, 26, 0, 2, 0, 0, 3.38%, 0, 0, 2, 0.98
1585936642, 26, 1, 2, 0, 0, 3.38%, 0, 0, 2, 0.98
1585936667, 27, 0, 2, 0, 0, 3.38%, 0, 0, 2, 0.98
1585936693, 27, 1, 2, 0, 0, 3.38%, 0, 0, 2, 0.98
1585936718, 28, 0, 2, 0, 0, 3.38%, 0, 0, 2, 0.98
