# unix_time, cycles_done, cur_path, paths_total, pending_total, pending_favs, map_size, unique_crashes, unique_hangs, max_depth, execs_per_sec
1585934987, 0, 0, 1, 1, 1, 3.29%, 0, 0, 1, 0.79
1585935007, 0, 0, 2, 2, 1, 3.29%, 0, 0, 2, 0.93
1585935250, 0, 0, 3, 3, 1, 3.37%, 0, 0, 2, 0.99
1585935362, 0, 0, 3, 2, 0, 3.37%, 0, 0, 2, 0.99
1585935601, 0, 1, 3, 2, 2, 3.37%, 0, 0, 2, 0.98
1585935875, 0, 2, 3, 1, 1, 3.37%, 0, 0, 2, 0.99
1585936144, 1, 0, 3, 0, 0, 3.37%, 0, 0, 2, 0.98
1585936415, 1, 1, 3, 0, 0, 3.37%, 0, 0, 2, 0.98
1585936684, 1, 2, 3, 0, 0, 3.37%, 0, 0, 2, 0.98
