# unix_time, cycles_done, cur_path, paths_total, pending_total, pending_favs, map_size, unique_crashes, unique_hangs, max_depth, execs_per_sec
1621169246, 0, 0, 4, 4, 2, 4.61%, 0, 0, 1, 0.34
1621169252, 0, 1, 4, 4, 2, 4.61%, 0, 0, 1, 0.34
1621169277, 0, 1, 5, 5, 2, 4.80%, 0, 0, 2, 0.33
1621169463, 0, 1, 6, 6, 2, 4.80%, 0, 0, 2, 0.38
1621169484, 0, 1, 7, 7, 2, 4.81%, 0, 0, 2, 0.40
1621169505, 0, 1, 8, 8, 2, 4.81%, 0, 0, 2, 0.41
1621169609, 0, 1, 9, 9, 2, 4.83%, 0, 0, 2, 0.43
1621169637, 0, 1, 10, 10, 2, 4.83%, 0, 0, 2, 0.43
1621170020, 0, 1, 11, 11, 2, 4.83%, 0, 0, 2, 0.42
