# unix_time, cycles_done, cur_path, paths_total, pending_total, pending_favs, map_size, unique_crashes, unique_hangs, max_depth, execs_per_sec
1585934986, 0, 0, 1, 1, 1, 3.36%, 0, 0, 1, 0.80
1585935006, 0, 0, 2, 2, 1, 3.36%, 0, 0, 2, 0.93
1585935057, 0, 0, 2, 1, 0, 3.36%, 0, 0, 2, 0.98
1585935199, 0, 1, 2, 1, 0, 3.36%, 0, 0, 2, 0.98
1585935235, 1, 0, 2, 0, 0, 3.36%, 0, 0, 2, 0.98
1585935245, 1, 0, 3, 1, 0, 3.43%, 0, 0, 2, 0.98
1585935458, 1, 2, 3, 1, 1, 3.43%, 0, 0, 2, 0.98
1585935758, 2, 0, 3, 0, 0, 3.43%, 0, 0, 2, 0.98
1585935931, 2, 1, 3, 0, 0, 3.43%, 0, 0, 2, 0.98
1585936130, 2, 2, 3, 0, 0, 3.43%, 0, 0, 2, 0.98
1585936399, 3, 0, 3, 0, 0, 3.43%, 0, 0, 2, 0.98
1585936557, 3, 1, 3, 0, 0, 3.43%, 0, 0, 2, 0.98
1585936664, 3, 2, 3, 0, 0, 3.43%, 0, 0, 2, 0.98
