# unix_time, cycles_done, cur_path, paths_total, pending_total, pending_favs, map_size, unique_crashes, unique_hangs, max_depth, execs_per_sec
1585939627, 0, 0, 1, 1, 1, 3.38%, 0, 0, 1, 0.92
1585939643, 0, 0, 2, 2, 1, 3.40%, 0, 0, 2, 0.96
1585939653, 0, 0, 3, 3, 1, 3.60%, 0, 0, 2, 0.97
1585939658, 0, 0, 4, 4, 1, 3.63%, 0, 0, 2, 0.97
1585939668, 0, 0, 5, 5, 1, 3.63%, 0, 0, 2, 0.98
1585939678, 0, 0, 6, 6, 1, 3.64%, 0, 0, 2, 0.98
1585939688, 0, 0, 7, 7, 1, 3.64%, 0, 0, 2, 0.98
1585939699, 0, 0, 8, 8, 1, 3.64%, 0, 0, 2, 0.98
1585939709, 0, 0, 9, 9, 1, 3.65%, 0, 0, 2, 0.98
1585939724, 0, 0, 10, 10, 1, 3.65%, 0, 0, 2, 0.98
1585939734, 0, 0, 11, 11, 1, 3.65%, 0, 0, 2, 0.98
1585939744, 0, 0, 12, 12, 1, 3.66%, 0, 0, 2, 0.98
1585939754, 0, 0, 13, 13, 1, 3.67%, 0, 0, 2, 0.98
1585939765, 0, 0, 14, 14, 1, 3.67%, 0, 0, 2, 0.98
1585939790, 0, 0, 15, 15, 1, 3.68%, 0, 0, 2, 0.98
1585939810, 0, 0, 16, 16, 1, 3.68%, 0, 0, 2, 0.98
1585939826, 0, 0, 17, 17, 1, 3.69%, 0, 0, 2, 0.98
1585939851, 0, 0, 18, 18, 1, 3.69%, 0, 0, 2, 0.98
1585939861, 0, 0, 19, 19, 1, 3.70%, 0, 0, 2, 0.98
1585939892, 0, 0, 20, 20, 1, 3.78%, 0, 0, 2, 0.98
1585939932, 0, 0, 21, 21, 1, 3.78%, 0, 0, 2, 0.98
1585939942, 0, 0, 22, 22, 1, 3.78%, 0, 0, 2, 0.98
1585939958, 0, 0, 23, 23, 1, 3.79%, 0, 0, 2, 0.98
1585939973, 0, 0, 24, 24, 1, 3.79%, 0, 0, 2, 0.98
1585939998, 0, 0, 25, 25, 1, 3.79%, 0, 0, 2, 0.98
1585940009, 0, 0, 26, 26, 1, 3.79%, 0, 0, 2, 0.98
1585940059, 0, 0, 27, 27, 1, 3.79%, 0, 0, 2, 0.98
1585940080, 0, 0, 28, 28, 1, 3.79%, 0, 0, 2, 0.98
1585940100, 0, 0, 29, 29, 1, 3.80%, 0, 0, 2, 0.98
1585940156, 0, 0, 30, 30, 1, 3.80%, 0, 0, 2, 0.98
1585940181, 0, 0, 31, 31, 1, 3.81%, 0, 0, 2, 0.98
1585940217, 0, 0, 32, 32, 1, 3.81%, 0, 0, 2, 0.98
1585940227, 0, 0, 33, 33, 1, 3.81%, 0, 0, 2, 0.98
1585940258, 0, 0, 34, 34, 1, 3.81%, 0, 0, 2, 0.98
1585940283, 0, 0, 35, 35, 1, 3.81%, 0, 0, 2, 0.98
1585940405, 0, 0, 36, 36, 1, 3.82%, 0, 0, 2, 0.98
1585940420, 0, 0, 37, 37, 1, 3.82%, 0, 0, 2, 0.98
1585940425, 0, 0, 38, 38, 1, 3.83%, 0, 0, 2, 0.98
1585940522, 0, 0, 39, 39, 1, 3.92%, 0, 0, 2, 0.98
1585940543, 0, 0, 40, 40, 1, 3.93%, 0, 0, 2, 0.98
1585940588, 0, 0, 41, 41, 1, 3.93%, 0, 0, 2, 0.98
1585940609, 0, 0, 42, 42, 1, 3.93%, 0, 0, 2, 0.98
1585940644, 0, 0, 43, 43, 1, 3.93%, 0, 0, 2, 0.98
1585940654, 0, 0, 44, 44, 1, 3.93%, 0, 0, 2, 0.98
1585940665, 0, 0, 45, 45, 1, 3.94%, 0, 0, 2, 0.98
1585940685, 0, 0, 46, 46, 1, 3.94%, 0, 0, 2, 0.98
1585940700, 0, 0, 47, 47, 1, 3.94%, 0, 0, 2, 0.98
1585940741, 0, 0, 48, 48, 1, 3.94%, 0, 0, 2, 0.98
1585940766, 0, 0, 49, 49, 1, 3.94%, 0, 0, 2, 0.98
1585940782, 0, 0, 50, 50, 1, 3.94%, 0, 0, 2, 0.98
1585940828, 0, 0, 51, 51, 1, 3.95%, 0, 0, 2, 0.98
1585940878, 0, 0, 52, 52, 1, 3.95%, 0, 0, 2, 0.98
1585940924, 0, 0, 53, 53, 1, 3.96%, 0, 0, 2, 0.98
1585940940, 0, 0, 54, 54, 1, 3.98%, 0, 0, 2, 0.98
1585941001, 0, 0, 55, 55, 1, 3.98%, 0, 0, 2, 0.98
1585941016, 0, 0, 56, 56, 1, 3.99%, 0, 0, 2, 0.98
1585941026, 0, 0, 57, 57, 1, 3.99%, 0, 0, 2, 0.98
1585941067, 0, 0, 58, 58, 1, 3.99%, 0, 0, 2, 0.98
1585941097, 0, 0, 59, 59, 1, 4.00%, 0, 0, 2, 0.98
1585941118, 0, 0, 60, 60, 1, 4.00%, 0, 0, 2, 0.98
1585941143, 0, 0, 61, 61, 1, 4.02%, 0, 0, 2, 0.98
1585941168, 0, 0, 62, 62, 1, 4.02%, 0, 0, 2, 0.98
1585941219, 0, 0, 63, 63, 1, 4.02%, 0, 0, 2, 0.98
1585941245, 0, 0, 64, 64, 1, 4.03%, 0, 0, 2, 0.98
1585941275, 0, 0, 65, 65, 1, 4.03%, 0, 0, 2, 0.98
1585941321, 0, 0, 66, 66, 1, 4.03%, 0, 0, 2, 0.98
1585941346, 0, 0, 67, 67, 1, 4.04%, 0, 0, 2, 0.98
