# unix_time, cycles_done, cur_path, paths_total, pending_total, pending_favs, map_size, unique_crashes, unique_hangs, max_depth, execs_per_sec
1621110108, 0, 0, 2, 2, 2, 4.05%, 0, 0, 1, 0.83
1621110119, 0, 0, 3, 3, 2, 4.05%, 0, 0, 2, 0.85
1621110136, 0, 0, 4, 4, 2, 4.05%, 0, 0, 2, 0.87
1621110148, 0, 0, 5, 5, 2, 4.05%, 0, 0, 2, 0.88
1621110159, 0, 0, 6, 6, 2, 4.05%, 0, 0, 2, 0.89
1621110192, 0, 0, 7, 7, 2, 4.05%, 0, 0, 2, 0.89
1621110209, 0, 0, 8, 8, 2, 4.05%, 0, 0, 2, 0.89
1621110238, 0, 0, 9, 9, 2, 4.05%, 0, 0, 2, 0.88
1621110249, 0, 0, 10, 10, 2, 4.05%, 0, 0, 2, 0.88
1621110266, 0, 0, 11, 11, 2, 4.05%, 0, 0, 2, 0.89
1621110283, 0, 0, 12, 12, 2, 4.05%, 0, 0, 2, 0.89
1621110300, 0, 0, 13, 13, 2, 4.05%, 0, 0, 2, 0.89
1621110317, 0, 0, 14, 14, 2, 4.05%, 0, 0, 2, 0.88
1621110362, 0, 0, 15, 15, 2, 4.05%, 0, 0, 2, 0.89
1621110385, 0, 0, 16, 16, 2, 4.05%, 0, 0, 2, 0.88
1621110407, 0, 0, 17, 17, 2, 4.05%, 0, 0, 2, 0.88
1621110458, 0, 0, 18, 18, 2, 4.05%, 0, 0, 2, 0.88
1621110515, 0, 0, 19, 19, 2, 4.05%, 0, 0, 2, 0.88
1621110583, 0, 0, 20, 20, 2, 4.05%, 0, 0, 2, 0.88
1621110690, 0, 0, 21, 21, 2, 4.05%, 0, 0, 2, 0.89
1621110915, 0, 0, 22, 22, 2, 4.05%, 0, 0, 2, 0.86
1621111002, 0, 0, 23, 23, 2, 4.05%, 0, 0, 2, 0.86
1621111042, 0, 0, 24, 24, 2, 4.05%, 0, 0, 2, 0.86
1621111158, 0, 0, 25, 25, 2, 4.05%, 0, 0, 2, 0.86
1621111199, 0, 0, 26, 26, 2, 4.05%, 0, 0, 2, 0.87
1621111215, 0, 0, 27, 27, 2, 4.10%, 0, 0, 2, 1.06
