# unix_time, cycles_done, cur_path, paths_total, pending_total, pending_favs, map_size, unique_crashes, unique_hangs, max_depth, execs_per_sec
1585934988, 0, 0, 1, 1, 1, 3.36%, 0, 0, 1, 0.77
1585935003, 0, 0, 2, 2, 1, 3.36%, 0, 0, 2, 0.90
1585935115, 0, 0, 3, 3, 1, 3.36%, 0, 0, 2, 0.98
1585935252, 0, 0, 4, 4, 1, 3.45%, 0, 0, 2, 0.98
1585935313, 0, 0, 5, 5, 1, 3.45%, 0, 0, 2, 0.99
1585935460, 0, 0, 5, 4, 0, 3.45%, 0, 0, 2, 0.98
1585935704, 0, 1, 5, 4, 2, 3.45%, 0, 0, 2, 0.98
1585935984, 0, 3, 5, 3, 1, 3.45%, 0, 0, 2, 0.98
1585936263, 0, 4, 5, 2, 0, 3.45%, 0, 0, 2, 0.98
1585936543, 1, 0, 5, 1, 0, 3.45%, 0, 0, 2, 0.98
