# unix_time, cycles_done, cur_path, paths_total, pending_total, pending_favs, map_size, unique_crashes, unique_hangs, max_depth, execs_per_sec
1621122579, 0, 0, 2, 2, 2, 5.82%, 0, 0, 1, 0.27
1621122692, 0, 0, 3, 3, 2, 5.82%, 0, 0, 2, 0.35
1621122720, 0, 0, 4, 4, 2, 5.82%, 0, 0, 2, 0.35
1621122754, 0, 0, 5, 5, 2, 5.82%, 0, 0, 2, 0.36
1621122804, 0, 0, 6, 6, 2, 5.82%, 0, 0, 2, 0.36
1621122962, 0, 0, 7, 7, 2, 5.83%, 0, 0, 2, 0.36
1621123029, 0, 0, 8, 8, 2, 5.83%, 0, 0, 2, 0.36
1621123279, 0, 0, 9, 9, 2, 5.83%, 0, 0, 2, 0.35
1621123515, 0, 0, 10, 10, 2, 5.83%, 0, 0, 2, 0.36
1621123549, 0, 0, 11, 11, 2, 5.83%, 0, 0, 2, 0.36
1621123611, 0, 0, 12, 12, 2, 5.83%, 0, 0, 2, 0.36
1621123661, 0, 0, 13, 13, 2, 5.83%, 0, 0, 2, 0.36
1621123689, 0, 0, 14, 14, 2, 5.83%, 0, 0, 2, 0.36
