# unix_time, cycles_done, cur_path, paths_total, pending_total, pending_favs, map_size, unique_crashes, unique_hangs, max_depth, execs_per_sec
1621156562, 0, 0, 14, 14, 3, 3.83%, 0, 0, 1, 0.93
1621156568, 0, 4, 14, 14, 3, 3.83%, 0, 0, 1, 0.95
1621156596, 0, 4, 15, 15, 3, 3.83%, 0, 0, 2, 1.00
1621156606, 0, 4, 16, 16, 3, 3.83%, 0, 0, 2, 1.01
1621156669, 0, 4, 17, 17, 3, 3.83%, 0, 0, 2, 1.00
1621156812, 0, 4, 18, 18, 3, 3.83%, 0, 0, 2, 1.01
1621156824, 0, 4, 19, 19, 3, 3.83%, 0, 0, 2, 1.01
1621156835, 0, 4, 20, 20, 3, 3.83%, 0, 0, 2, 1.00
1621156853, 0, 4, 21, 21, 3, 3.83%, 0, 0, 2, 1.00
1621156876, 0, 4, 22, 22, 3, 3.83%, 0, 0, 2, 1.00
1621157465, 0, 4, 23, 23, 3, 3.83%, 0, 0, 2, 1.01
1621157647, 0, 4, 24, 24, 3, 3.87%, 0, 0, 2, 1.46
