# unix_time, cycles_done, cur_path, paths_total, pending_total, pending_favs, map_size, unique_crashes, unique_hangs, max_depth, execs_per_sec
1585934991, 0, 0, 1, 1, 1, 3.32%, 0, 0, 1, 0.73
1585935033, 0, 0, 1, 0, 0, 3.32%, 0, 0, 1, 0.94
1585935174, 1, 0, 1, 0, 0, 3.32%, 0, 0, 1, 0.95
1585935201, 2, 0, 1, 0, 0, 3.32%, 0, 0, 1, 0.96
1585935227, 3, 0, 1, 0, 0, 3.32%, 0, 0, 1, 0.95
1585935253, 3, 0, 2, 1, 0, 3.39%, 0, 0, 2, 0.95
1585935410, 3, 0, 3, 2, 0, 3.39%, 0, 0, 2, 0.95
1585935599, 3, 1, 3, 2, 1, 3.39%, 0, 0, 2, 0.95
1585935904, 3, 2, 3, 1, 0, 3.39%, 0, 0, 2, 0.95
1585936214, 3, 2, 3, 0, 0, 3.39%, 0, 0, 2, 0.95
1585936330, 4, 0, 3, 0, 0, 3.39%, 0, 0, 2, 0.95
1585936609, 4, 1, 3, 0, 0, 3.39%, 0, 0, 2, 0.95
