# unix_time, cycles_done, cur_path, paths_total, pending_total, pending_favs, map_size, unique_crashes, unique_hangs, max_depth, execs_per_sec
1621160475, 0, 0, 2, 2, 2, 4.16%, 0, 0, 1, 0.36
1621160576, 0, 0, 3, 3, 2, 4.53%, 0, 0, 2, 0.47
1621160684, 0, 0, 4, 4, 2, 4.75%, 0, 0, 2, 0.44
1621160705, 0, 0, 5, 5, 2, 4.75%, 0, 0, 2, 0.44
1621160914, 0, 0, 6, 6, 2, 4.75%, 0, 0, 2, 0.45
1621161241, 0, 0, 7, 7, 2, 4.75%, 0, 0, 2, 0.50
1621161271, 0, 0, 8, 8, 2, 4.75%, 0, 0, 2, 0.50
1621161296, 0, 0, 9, 9, 2, 4.76%, 0, 0, 2, 0.49
1621161472, 0, 0, 10, 10, 2, 4.76%, 0, 0, 2, 0.50
1621161600, 0, 0, 11, 11, 2, 4.76%, 0, 0, 2, 0.50
1621161636, 0, 0, 12, 12, 2, 4.83%, 0, 0, 2, 0.58
