# unix_time, cycles_done, cur_path, paths_total, pending_total, pending_favs, map_size, unique_crashes, unique_hangs, max_depth, execs_per_sec
1585934986, 0, 0, 1, 1, 1, 3.37%, 0, 0, 1, 0.80
1585935006, 0, 0, 2, 2, 1, 3.37%, 0, 0, 2, 0.93
1585935062, 0, 0, 3, 3, 1, 3.37%, 0, 0, 2, 0.98
1585935245, 0, 0, 4, 4, 1, 3.45%, 0, 0, 2, 0.98
1585935382, 0, 0, 4, 3, 0, 3.45%, 0, 0, 2, 0.98
1585935413, 0, 0, 5, 4, 0, 3.45%, 0, 0, 2, 0.98
1585935631, 0, 1, 5, 4, 2, 3.45%, 0, 0, 2, 0.98
1585935875, 0, 3, 5, 3, 1, 3.45%, 0, 0, 2, 0.98
1585935900, 0, 4, 5, 2, 0, 3.45%, 0, 0, 2, 0.98
1585936124, 1, 0, 5, 1, 0, 3.45%, 0, 0, 2, 0.98
1585936379, 1, 1, 5, 1, 0, 3.45%, 0, 0, 2, 0.98
1585936609, 1, 2, 5, 1, 0, 3.45%, 0, 0, 2, 0.98
