# unix_time, cycles_done, cur_path, paths_total, pending_total, pending_favs, map_size, unique_crashes, unique_hangs, max_depth, execs_per_sec
1585934986, 0, 0, 1, 1, 1, 3.28%, 0, 0, 1, 0.79
1585935027, 0, 0, 1, 0, 0, 3.28%, 0, 0, 1, 0.96
1585935164, 1, 0, 1, 0, 0, 3.28%, 0, 0, 1, 0.98
1585935184, 1, 0, 2, 1, 0, 3.28%, 0, 0, 2, 0.98
1585935245, 1, 0, 3, 2, 0, 3.37%, 0, 0, 2, 0.98
1585935591, 1, 2, 3, 2, 1, 3.37%, 0, 0, 2, 0.98
1585935921, 2, 0, 3, 1, 0, 3.37%, 0, 0, 2, 0.98
1585936190, 2, 1, 3, 1, 0, 3.37%, 0, 0, 2, 0.98
1585936505, 2, 2, 3, 0, 0, 3.37%, 0, 0, 2, 0.98
