# unix_time, cycles_done, cur_path, paths_total, pending_total, pending_favs, map_size, unique_crashes, unique_hangs, max_depth, execs_per_sec
1585934987, 0, 0, 1, 1, 1, 3.36%, 0, 0, 1, 0.79
1585935007, 0, 0, 2, 2, 1, 3.36%, 0, 0, 2, 0.93
1585935017, 0, 0, 3, 3, 1, 3.36%, 0, 0, 2, 0.96
1585935250, 0, 0, 4, 4, 1, 3.45%, 0, 0, 2, 0.99
1585935413, 0, 0, 5, 5, 1, 3.45%, 0, 0, 2, 0.99
1585935474, 0, 0, 5, 4, 0, 3.45%, 0, 0, 2, 0.98
1585935723, 0, 1, 5, 4, 2, 3.45%, 0, 0, 2, 0.99
1585935997, 0, 4, 5, 3, 1, 3.45%, 0, 0, 2, 0.99
1585936268, 1, 0, 5, 2, 0, 3.45%, 0, 0, 2, 0.97
1585936537, 1, 1, 5, 2, 0, 3.45%, 0, 0, 2, 0.98
