# unix_time, cycles_done, cur_path, paths_total, pending_total, pending_favs, map_size, unique_crashes, unique_hangs, max_depth, execs_per_sec
1585934982, 0, 0, 1, 1, 1, 3.35%, 0, 0, 1, 0.87
1585935022, 0, 0, 1, 0, 0, 3.35%, 0, 0, 1, 0.97
1585935159, 1, 0, 1, 0, 0, 3.35%, 0, 0, 1, 0.98
1585935185, 2, 0, 1, 0, 0, 3.35%, 0, 0, 1, 0.98
1585935210, 3, 0, 1, 0, 0, 3.35%, 0, 0, 1, 0.98
1585935236, 4, 0, 1, 0, 0, 3.35%, 0, 0, 1, 0.98
1585935246, 4, 0, 2, 1, 0, 3.43%, 0, 0, 2, 0.98
1585935413, 4, 0, 3, 2, 0, 3.43%, 0, 0, 2, 0.98
1585935596, 4, 1, 3, 2, 1, 3.43%, 0, 0, 2, 0.98
1585935952, 4, 1, 3, 1, 0, 3.43%, 0, 0, 2, 0.98
1585936064, 4, 2, 3, 1, 0, 3.43%, 0, 0, 2, 0.98
1585936441, 5, 0, 3, 0, 0, 3.43%, 0, 0, 2, 0.98
1585936710, 5, 1, 3, 0, 0, 3.43%, 0, 0, 2, 0.98
