# unix_time, cycles_done, cur_path, paths_total, pending_total, pending_favs, map_size, unique_crashes, unique_hangs, max_depth, execs_per_sec
1585934986, 0, 0, 1, 1, 1, 3.31%, 0, 0, 1, 0.79
1585935027, 0, 0, 1, 0, 0, 3.31%, 0, 0, 1, 0.97
1585935073, 0, 0, 2, 1, 0, 3.31%, 0, 0, 1, 0.98
1585935174, 0, 1, 2, 1, 0, 3.31%, 0, 0, 1, 0.99
1585935210, 1, 0, 2, 0, 0, 3.31%, 0, 0, 1, 0.99
1585935235, 1, 1, 2, 0, 0, 3.31%, 0, 0, 1, 0.99
1585935250, 1, 1, 3, 1, 0, 3.39%, 0, 0, 2, 0.99
1585935423, 1, 2, 3, 1, 1, 3.39%, 0, 0, 2, 0.99
1585935717, 2, 0, 3, 0, 0, 3.39%, 0, 0, 2, 0.98
1585936002, 2, 1, 3, 0, 0, 3.39%, 0, 0, 2, 0.98
1585936190, 2, 2, 3, 0, 0, 3.39%, 0, 0, 2, 0.98
1585936459, 3, 0, 3, 0, 0, 3.39%, 0, 0, 2, 0.98
1585936565, 3, 1, 3, 0, 0, 3.39%, 0, 0, 2, 0.98
1585936723, 3, 2, 3, 0, 0, 3.39%, 0, 0, 2, 0.98
