# unix_time, cycles_done, cur_path, paths_total, pending_total, pending_favs, map_size, unique_crashes, unique_hangs, max_depth, execs_per_sec
1585934986, 0, 0, 1, 1, 1, 3.31%, 0, 0, 1, 0.80
1585935026, 0, 0, 1, 0, 0, 3.31%, 0, 0, 1, 0.97
1585935164, 1, 0, 1, 0, 0, 3.31%, 0, 0, 1, 0.98
1585935189, 2, 0, 1, 0, 0, 3.31%, 0, 0, 1, 0.98
1585935214, 3, 0, 1, 0, 0, 3.31%, 0, 0, 1, 0.98
1585935240, 4, 0, 1, 0, 0, 3.31%, 0, 0, 1, 0.98
1585935245, 4, 0, 2, 1, 0, 3.39%, 0, 0, 2, 0.98
1585935412, 4, 0, 3, 2, 0, 3.39%, 0, 0, 2, 0.98
1585935600, 4, 2, 3, 2, 1, 3.39%, 0, 0, 2, 0.98
1585935956, 4, 2, 3, 1, 0, 3.39%, 0, 0, 2, 0.98
1585936068, 5, 0, 3, 1, 0, 3.39%, 0, 0, 2, 0.98
1585936337, 5, 1, 3, 1, 0, 3.39%, 0, 0, 2, 0.98
1585936698, 5, 2, 3, 0, 0, 3.39%, 0, 0, 2, 0.98
