# unix_time, cycles_done, cur_path, paths_total, pending_total, pending_favs, map_size, unique_crashes, unique_hangs, max_depth, execs_per_sec
1585939627, 0, 0, 1, 1, 1, 3.35%, 0, 0, 1, 0.92
1585939643, 0, 0, 2, 2, 1, 3.69%, 0, 0, 2, 0.96
1585939683, 0, 0, 3, 3, 1, 3.69%, 0, 0, 2, 0.98
1585939693, 0, 0, 4, 4, 1, 3.70%, 0, 0, 2, 0.98
1585939704, 0, 0, 5, 5, 1, 3.70%, 0, 0, 2, 0.98
1585939714, 0, 0, 6, 6, 1, 3.70%, 0, 0, 2, 0.98
1585939724, 0, 0, 7, 7, 1, 3.70%, 0, 0, 2, 0.98
1585939734, 0, 0, 8, 8, 1, 3.70%, 0, 0, 2, 0.98
1585939744, 0, 0, 9, 9, 1, 3.70%, 0, 0, 2, 0.98
1585939754, 0, 0, 10, 10, 1, 3.70%, 0, 0, 2, 0.98
1585939775, 0, 0, 11, 11, 1, 3.70%, 0, 0, 2, 0.98
1585939785, 0, 0, 12, 12, 1, 3.72%, 0, 0, 2, 0.98
1585939795, 0, 0, 13, 13, 1, 3.72%, 0, 0, 2, 0.98
1585939805, 0, 0, 14, 14, 1, 3.73%, 0, 0, 2, 0.98
1585939820, 0, 0, 15, 15, 1, 3.73%, 0, 0, 2, 0.98
1585939831, 0, 0, 16, 16, 1, 4.09%, 0, 0, 2, 0.98
1585939841, 0, 0, 17, 17, 1, 4.13%, 0, 0, 2, 0.98
1585939851, 0, 0, 18, 18, 1, 4.13%, 0, 0, 2, 0.98
1585939866, 0, 0, 19, 19, 1, 4.13%, 0, 0, 2, 0.98
1585939892, 0, 0, 20, 20, 1, 4.20%, 0, 0, 2, 0.98
1585939932, 0, 0, 21, 21, 1, 4.27%, 0, 0, 2, 0.98
1585939942, 0, 0, 22, 22, 1, 4.32%, 0, 0, 2, 0.98
1585939958, 0, 0, 23, 23, 1, 4.32%, 0, 0, 2, 0.98
1585939988, 0, 0, 24, 24, 1, 4.32%, 0, 0, 2, 0.98
1585940029, 0, 0, 25, 25, 1, 4.33%, 0, 0, 2, 0.98
1585940039, 0, 0, 26, 26, 1, 4.33%, 0, 0, 2, 0.98
1585940064, 0, 0, 27, 27, 1, 4.33%, 0, 0, 2, 0.98
1585940120, 0, 0, 28, 28, 1, 4.34%, 0, 0, 2, 0.98
1585940161, 0, 0, 29, 29, 1, 4.34%, 0, 0, 2, 0.98
1585940176, 0, 0, 30, 30, 1, 4.34%, 0, 0, 2, 0.98
1585940247, 0, 0, 31, 31, 1, 4.34%, 0, 0, 2, 0.98
1585940354, 0, 0, 32, 32, 1, 4.34%, 0, 0, 2, 0.98
1585940410, 0, 0, 33, 33, 1, 4.35%, 0, 0, 2, 0.98
1585940451, 0, 0, 34, 34, 1, 4.35%, 0, 0, 2, 0.98
1585940471, 0, 0, 35, 35, 1, 4.35%, 0, 0, 2, 0.98
1585940491, 0, 0, 36, 36, 1, 4.35%, 0, 0, 2, 0.98
1585940553, 0, 0, 37, 37, 1, 4.35%, 0, 0, 2, 0.98
1585940721, 0, 0, 38, 38, 1, 4.36%, 0, 0, 2, 0.98
1585940797, 0, 0, 39, 39, 1, 4.36%, 0, 0, 2, 0.98
1585940827, 0, 0, 40, 40, 1, 4.37%, 0, 0, 2, 0.98
1585940843, 0, 0, 41, 41, 1, 4.37%, 0, 0, 2, 0.98
1585940863, 0, 0, 42, 42, 1, 4.37%, 0, 0, 2, 0.98
1585940878, 0, 0, 43, 43, 1, 4.37%, 0, 0, 2, 0.98
1585940894, 0, 0, 44, 44, 1, 4.38%, 0, 0, 2, 0.98
1585940904, 0, 0, 45, 45, 1, 4.38%, 0, 0, 2, 0.98
1585940949, 0, 0, 46, 46, 1, 4.38%, 0, 0, 2, 0.98
1585940990, 0, 0, 47, 47, 1, 4.39%, 0, 0, 2, 0.98
1585941000, 0, 0, 48, 48, 1, 4.39%, 0, 0, 2, 0.98
1585941026, 0, 0, 49, 49, 1, 4.39%, 0, 0, 2, 0.98
1585941036, 0, 0, 50, 50, 1, 4.40%, 0, 0, 2, 0.98
1585941046, 0, 0, 51, 51, 1, 4.40%, 0, 0, 2, 0.98
1585941066, 0, 0, 52, 52, 1, 4.41%, 0, 0, 2, 0.98
1585941077, 0, 0, 53, 53, 1, 4.41%, 0, 0, 2, 0.98
1585941087, 0, 0, 54, 54, 1, 4.41%, 0, 0, 2, 0.98
1585941097, 0, 0, 55, 55, 1, 4.42%, 0, 0, 2, 0.98
1585941112, 0, 0, 56, 56, 1, 4.42%, 0, 0, 2, 0.98
1585941122, 0, 0, 57, 57, 1, 4.42%, 0, 0, 2, 0.98
1585941148, 0, 0, 58, 58, 1, 4.42%, 0, 0, 2, 0.98
1585941163, 0, 0, 59, 59, 1, 4.43%, 0, 0, 2, 0.98
1585941183, 0, 0, 60, 60, 1, 4.43%, 0, 0, 2, 0.98
1585941234, 0, 0, 61, 61, 1, 4.43%, 0, 0, 2, 0.98
1585941270, 0, 0, 62, 62, 1, 4.44%, 0, 0, 2, 0.98
1585941295, 0, 0, 63, 63, 1, 4.44%, 0, 0, 2, 0.98
1585941316, 0, 0, 64, 64, 1, 4.44%, 0, 0, 2, 0.98
1585941321, 0, 0, 65, 65, 1, 4.44%, 0, 0, 2, 0.98
1585941336, 0, 0, 66, 66, 1, 4.45%, 0, 0, 2, 0.98
1585941351, 0, 0, 67, 67, 1, 4.45%, 0, 0, 2, 0.98
