# unix_time, cycles_done, cur_path, paths_total, pending_total, pending_favs, map_size, unique_crashes, unique_hangs, max_depth, execs_per_sec
1585934987, 0, 0, 1, 1, 1, 3.29%, 0, 0, 1, 0.78
1585935008, 0, 0, 2, 2, 1, 3.29%, 0, 0, 2, 0.92
1585935060, 0, 0, 2, 1, 0, 3.29%, 0, 0, 2, 0.97
1585935204, 0, 1, 2, 1, 1, 3.29%, 0, 0, 2, 0.97
1585935230, 1, 0, 2, 0, 0, 3.29%, 0, 0, 2, 0.97
1585935250, 1, 0, 3, 1, 0, 3.38%, 0, 0, 2, 0.97
1585935415, 1, 0, 4, 2, 0, 3.38%, 0, 0, 2, 0.97
1585935497, 1, 2, 4, 2, 1, 3.38%, 0, 0, 2, 0.97
1585935757, 1, 3, 4, 1, 0, 3.38%, 0, 0, 2, 0.98
1585935951, 2, 0, 4, 0, 0, 3.38%, 0, 0, 2, 0.98
1585936210, 2, 1, 4, 0, 0, 3.38%, 0, 0, 2, 0.98
1585936235, 2, 2, 4, 0, 0, 3.38%, 0, 0, 2, 0.98
1585936444, 2, 3, 4, 0, 0, 3.38%, 0, 0, 2, 0.97
1585936614, 3, 0, 4, 0, 0, 3.38%, 0, 0, 2, 0.98
