# unix_time, cycles_done, cur_path, paths_total, pending_total, pending_favs, map_size, unique_crashes, unique_hangs, max_depth, execs_per_sec
1585939627, 0, 0, 1, 1, 1, 3.34%, 0, 0, 1, 0.92
1585939643, 0, 0, 2, 2, 1, 3.73%, 0, 0, 2, 0.96
1585939683, 0, 0, 3, 3, 1, 3.75%, 0, 0, 2, 0.98
1585939693, 0, 0, 4, 4, 1, 3.76%, 0, 0, 2, 0.98
1585939704, 0, 0, 5, 5, 1, 3.76%, 0, 0, 2, 0.98
1585939719, 0, 0, 6, 6, 1, 3.76%, 0, 0, 2, 0.98
1585939724, 0, 0, 7, 7, 1, 3.77%, 0, 0, 2, 0.98
1585939739, 0, 0, 8, 8, 1, 3.77%, 0, 0, 2, 0.98
1585939754, 0, 0, 9, 9, 1, 3.78%, 0, 0, 2, 0.98
1585939765, 0, 0, 10, 10, 1, 3.78%, 0, 0, 2, 0.98
1585939780, 0, 0, 11, 11, 1, 3.78%, 0, 0, 2, 0.98
1585939790, 0, 0, 12, 12, 1, 3.78%, 0, 0, 2, 0.98
1585939810, 0, 0, 13, 13, 1, 3.78%, 0, 0, 2, 0.98
1585939820, 0, 0, 14, 14, 1, 4.20%, 0, 0, 2, 0.98
1585939841, 0, 0, 15, 15, 1, 4.20%, 0, 0, 2, 0.98
1585939851, 0, 0, 16, 16, 1, 4.20%, 0, 0, 2, 0.98
1585939861, 0, 0, 17, 17, 1, 4.20%, 0, 0, 2, 0.98
1585939871, 0, 0, 18, 18, 1, 4.20%, 0, 0, 2, 0.98
1585939892, 0, 0, 19, 19, 1, 4.28%, 0, 0, 2, 0.98
1585939932, 0, 0, 20, 20, 1, 4.32%, 0, 0, 2, 0.98
1585939947, 0, 0, 21, 21, 1, 4.32%, 0, 0, 2, 0.98
1585939953, 0, 0, 22, 22, 1, 4.32%, 0, 0, 2, 0.98
1585939983, 0, 0, 23, 23, 1, 4.38%, 0, 0, 2, 0.98
1585940003, 0, 0, 24, 24, 1, 4.38%, 0, 0, 2, 0.98
1585940029, 0, 0, 25, 25, 1, 4.38%, 0, 0, 2, 0.98
1585940059, 0, 0, 26, 26, 1, 4.39%, 0, 0, 2, 0.98
1585940069, 0, 0, 27, 27, 1, 4.39%, 0, 0, 2, 0.98
1585940100, 0, 0, 28, 28, 1, 4.39%, 0, 0, 2, 0.98
1585940115, 0, 0, 29, 29, 1, 4.39%, 0, 0, 2, 0.98
1585940186, 0, 0, 30, 30, 1, 4.75%, 0, 0, 2, 0.98
1585940252, 0, 0, 31, 31, 1, 4.75%, 0, 0, 2, 0.98
1585940329, 0, 0, 32, 32, 1, 4.75%, 0, 0, 2, 0.98
1585940517, 0, 0, 33, 33, 1, 4.75%, 0, 0, 2, 0.98
1585940578, 0, 0, 34, 34, 1, 4.75%, 0, 0, 2, 0.98
1585940588, 0, 0, 35, 35, 1, 4.75%, 0, 0, 2, 0.98
1585940639, 0, 0, 36, 36, 1, 4.75%, 0, 0, 2, 0.98
1585940736, 0, 0, 37, 37, 1, 4.76%, 0, 0, 2, 0.98
1585940761, 0, 0, 38, 38, 1, 4.76%, 0, 0, 2, 0.98
1585940838, 0, 0, 39, 39, 1, 4.76%, 0, 0, 2, 0.98
1585940965, 0, 0, 40, 40, 1, 4.76%, 0, 0, 2, 0.98
1585941107, 0, 0, 41, 41, 1, 4.76%, 0, 0, 2, 0.98
1585941138, 0, 0, 42, 42, 1, 4.76%, 0, 0, 2, 0.98
1585941178, 0, 0, 42, 41, 0, 4.76%, 0, 0, 2, 0.98
1585941219, 0, 0, 43, 42, 0, 4.77%, 0, 0, 2, 0.98
1585941255, 0, 0, 44, 43, 0, 4.77%, 0, 0, 2, 0.98
1585941275, 0, 0, 45, 44, 0, 4.77%, 0, 0, 2, 0.98
1585941285, 0, 0, 46, 45, 0, 4.78%, 0, 0, 2, 0.98
1585941305, 0, 0, 47, 46, 0, 4.78%, 0, 0, 2, 0.98
1585941321, 0, 0, 48, 47, 0, 4.79%, 0, 0, 2, 0.98
1585941341, 0, 0, 49, 48, 0, 4.79%, 0, 0, 2, 0.98
1585941361, 0, 0, 50, 49, 0, 4.79%, 0, 0, 2, 0.98
1585941371, 0, 0, 51, 50, 0, 4.90%, 0, 0, 2, 0.98
