# unix_time, cycles_done, cur_path, paths_total, pending_total, pending_favs, map_size, unique_crashes, unique_hangs, max_depth, execs_per_sec
1585934990, 0, 0, 1, 1, 1, 3.32%, 0, 0, 1, 0.74
1585935032, 0, 0, 1, 0, 0, 3.32%, 0, 0, 1, 0.95
1585935173, 1, 0, 1, 0, 0, 3.32%, 0, 0, 1, 0.95
1585935199, 2, 0, 1, 0, 0, 3.32%, 0, 0, 1, 0.95
1585935225, 3, 0, 1, 0, 0, 3.32%, 0, 0, 1, 0.96
1585935252, 4, 0, 2, 1, 0, 3.38%, 0, 0, 2, 0.96
1585935566, 4, 1, 2, 1, 1, 3.38%, 0, 0, 2, 0.96
1585935928, 4, 1, 2, 0, 0, 3.38%, 0, 0, 2, 0.95
1585936044, 5, 0, 2, 0, 0, 3.38%, 0, 0, 2, 0.95
1585936322, 5, 1, 2, 0, 0, 3.38%, 0, 0, 2, 0.95
1585936601, 6, 0, 2, 0, 0, 3.38%, 0, 0, 2, 0.95
