# unix_time, cycles_done, cur_path, paths_total, pending_total, pending_favs, map_size, unique_crashes, unique_hangs, max_depth, execs_per_sec
1585934986, 0, 0, 1, 1, 1, 3.35%, 0, 0, 1, 0.80
1585935006, 0, 0, 2, 2, 1, 3.35%, 0, 0, 2, 0.93
1585935047, 0, 0, 3, 3, 1, 3.35%, 0, 0, 2, 0.98
1585935245, 0, 0, 4, 4, 1, 3.43%, 0, 0, 2, 0.98
1585935432, 0, 0, 4, 3, 0, 3.43%, 0, 0, 2, 0.98
1585935682, 0, 3, 4, 3, 1, 3.43%, 0, 0, 2, 0.98
1585935707, 1, 0, 4, 2, 0, 3.43%, 0, 0, 2, 0.98
1585935926, 1, 1, 4, 2, 0, 3.43%, 0, 0, 2, 0.98
1585936160, 1, 2, 4, 1, 0, 3.43%, 0, 0, 2, 0.99
1585936358, 1, 3, 4, 0, 0, 3.43%, 0, 0, 2, 0.98
1585936389, 2, 0, 4, 0, 0, 3.43%, 0, 0, 2, 0.98
1585936556, 2, 1, 4, 0, 0, 3.43%, 0, 0, 2, 0.98
1585936729, 2, 2, 4, 0, 0, 3.43%, 0, 0, 2, 0.98
