# unix_time, cycles_done, cur_path, paths_total, pending_total, pending_favs, map_size, unique_crashes, unique_hangs, max_depth, execs_per_sec
1585934987, 0, 0, 1, 1, 1, 3.30%, 0, 0, 1, 0.79
1585935007, 0, 0, 2, 2, 1, 3.30%, 0, 0, 2, 0.93
1585935058, 0, 0, 2, 1, 0, 3.30%, 0, 0, 2, 0.98
1585935068, 0, 0, 3, 2, 0, 3.30%, 0, 0, 2, 0.98
1585935210, 0, 1, 3, 2, 1, 3.30%, 0, 0, 2, 0.99
1585935236, 0, 2, 3, 1, 0, 3.30%, 0, 0, 2, 0.99
1585935251, 0, 2, 4, 2, 0, 3.39%, 0, 0, 2, 0.99
1585935515, 0, 3, 4, 1, 1, 3.39%, 0, 0, 2, 0.99
1585935789, 1, 0, 4, 0, 0, 3.39%, 0, 0, 2, 0.98
1585935896, 1, 1, 4, 0, 0, 3.39%, 0, 0, 2, 0.99
1585936028, 1, 2, 4, 0, 0, 3.39%, 0, 0, 2, 0.98
1585936200, 1, 3, 4, 0, 0, 3.39%, 0, 0, 2, 0.98
1585936470, 2, 0, 4, 0, 0, 3.39%, 0, 0, 2, 0.98
1585936594, 2, 1, 4, 0, 0, 3.39%, 0, 0, 2, 0.97
1585936620, 2, 2, 4, 0, 0, 3.39%, 0, 0, 2, 0.97
