# unix_time, cycles_done, cur_path, paths_total, pending_total, pending_favs, map_size, unique_crashes, unique_hangs, max_depth, execs_per_sec
1585934987, 0, 0, 1, 1, 1, 3.25%, 0, 0, 1, 0.79
1585935027, 0, 0, 1, 0, 0, 3.25%, 0, 0, 1, 0.97
1585935165, 1, 0, 1, 0, 0, 3.25%, 0, 0, 1, 0.98
1585935190, 2, 0, 1, 0, 0, 3.25%, 0, 0, 1, 0.98
1585935215, 3, 0, 1, 0, 0, 3.25%, 0, 0, 1, 0.98
1585935241, 4, 0, 1, 0, 0, 3.25%, 0, 0, 1, 0.98
1585935251, 4, 0, 2, 1, 0, 3.31%, 0, 0, 2, 0.98
1585935576, 4, 1, 2, 1, 1, 3.31%, 0, 0, 2, 0.98
1585935926, 4, 1, 2, 0, 0, 3.31%, 0, 0, 2, 0.98
1585936043, 5, 0, 2, 0, 0, 3.31%, 0, 0, 2, 0.98
1585936312, 5, 1, 2, 0, 0, 3.31%, 0, 0, 2, 0.98
1585936582, 6, 0, 2, 0, 0, 3.31%, 0, 0, 2, 0.98
