# unix_time, cycles_done, cur_path, paths_total, pending_total, pending_favs, map_size, unique_crashes, unique_hangs, max_depth, execs_per_sec
1585939627, 0, 0, 1, 1, 1, 3.36%, 0, 0, 1, 0.92
1585939643, 0, 0, 2, 2, 1, 3.40%, 0, 0, 2, 0.96
1585939653, 0, 0, 3, 3, 1, 3.40%, 0, 0, 2, 0.97
1585939658, 0, 0, 4, 4, 1, 3.40%, 0, 0, 2, 0.97
1585939704, 0, 0, 5, 5, 1, 3.41%, 0, 0, 2, 0.98
1585939714, 0, 0, 6, 6, 1, 3.49%, 0, 0, 2, 0.98
1585939719, 0, 0, 7, 7, 1, 3.49%, 0, 0, 2, 0.98
1585939729, 0, 0, 8, 8, 1, 3.49%, 0, 0, 2, 0.98
1585939739, 0, 0, 9, 9, 1, 3.49%, 0, 0, 2, 0.98
1585939749, 0, 0, 10, 10, 1, 3.49%, 0, 0, 2, 0.98
1585939759, 0, 0, 11, 11, 1, 3.49%, 0, 0, 2, 0.98
1585939770, 0, 0, 12, 12, 1, 3.49%, 0, 0, 2, 0.98
1585939785, 0, 0, 13, 13, 1, 3.91%, 0, 0, 2, 0.98
1585939800, 0, 0, 14, 14, 1, 3.91%, 0, 0, 2, 0.98
1585939810, 0, 0, 15, 15, 1, 3.91%, 0, 0, 2, 0.98
1585939820, 0, 0, 16, 16, 1, 3.92%, 0, 0, 2, 0.98
1585939841, 0, 0, 17, 17, 1, 3.96%, 0, 0, 2, 0.98
1585939856, 0, 0, 18, 18, 1, 3.96%, 0, 0, 2, 0.98
1585939866, 0, 0, 19, 19, 1, 3.96%, 0, 0, 2, 0.98
1585939876, 0, 0, 20, 20, 1, 3.99%, 0, 0, 2, 0.98
1585939892, 0, 0, 21, 21, 1, 4.06%, 0, 0, 2, 0.98
1585939932, 0, 0, 22, 22, 1, 4.06%, 0, 0, 2, 0.98
1585939942, 0, 0, 23, 23, 1, 4.06%, 0, 0, 2, 0.98
1585939953, 0, 0, 24, 24, 1, 4.06%, 0, 0, 2, 0.98
1585939983, 0, 0, 25, 25, 1, 4.08%, 0, 0, 2, 0.98
1585939993, 0, 0, 26, 26, 1, 4.09%, 0, 0, 2, 0.98
1585940014, 0, 0, 27, 27, 1, 4.14%, 0, 0, 2, 0.98
1585940034, 0, 0, 28, 28, 1, 4.15%, 0, 0, 2, 0.98
1585940054, 0, 0, 29, 29, 1, 4.15%, 0, 0, 2, 0.98
1585940075, 0, 0, 30, 30, 1, 4.15%, 0, 0, 2, 0.98
1585940085, 0, 0, 31, 31, 1, 4.46%, 0, 0, 2, 0.98
1585940110, 0, 0, 32, 32, 1, 4.46%, 0, 0, 2, 0.98
1585940131, 0, 0, 33, 33, 1, 4.46%, 0, 0, 2, 0.98
1585940146, 0, 0, 34, 34, 1, 4.47%, 0, 0, 2, 0.98
1585940181, 0, 0, 35, 35, 1, 4.47%, 0, 0, 2, 0.98
1585940222, 0, 0, 36, 36, 1, 4.48%, 0, 0, 2, 0.98
1585940258, 0, 0, 37, 37, 1, 4.48%, 0, 0, 2, 0.98
1585940278, 0, 0, 38, 38, 1, 4.48%, 0, 0, 2, 0.98
1585940349, 0, 0, 39, 39, 1, 4.48%, 0, 0, 2, 0.98
1585940400, 0, 0, 40, 40, 1, 4.48%, 0, 0, 2, 0.98
1585940420, 0, 0, 41, 41, 1, 4.48%, 0, 0, 2, 0.98
1585940430, 0, 0, 42, 42, 1, 4.49%, 0, 0, 2, 0.98
1585940486, 0, 0, 43, 43, 1, 4.49%, 0, 0, 2, 0.98
1585940512, 0, 0, 44, 44, 1, 4.49%, 0, 0, 2, 0.98
1585940588, 0, 0, 45, 45, 1, 4.50%, 0, 0, 2, 0.98
1585940619, 0, 0, 46, 46, 1, 4.50%, 0, 0, 2, 0.98
1585940659, 0, 0, 47, 47, 1, 4.50%, 0, 0, 2, 0.98
1585940690, 0, 0, 48, 48, 1, 4.50%, 0, 0, 2, 0.98
1585940715, 0, 0, 49, 49, 1, 4.51%, 0, 0, 2, 0.98
1585940751, 0, 0, 50, 50, 1, 4.51%, 0, 0, 2, 0.98
1585940777, 0, 0, 51, 51, 1, 4.51%, 0, 0, 2, 0.98
1585940787, 0, 0, 52, 52, 1, 4.51%, 0, 0, 2, 0.98
1585940822, 0, 0, 53, 53, 1, 4.52%, 0, 0, 2, 0.98
1585940843, 0, 0, 54, 54, 1, 4.52%, 0, 0, 2, 0.98
1585940858, 0, 0, 55, 55, 1, 4.53%, 0, 0, 2, 0.98
1585940868, 0, 0, 56, 56, 1, 4.53%, 0, 0, 2, 0.98
1585940894, 0, 0, 57, 57, 1, 4.53%, 0, 0, 2, 0.98
1585940909, 0, 0, 58, 58, 1, 4.53%, 0, 0, 2, 0.98
1585940924, 0, 0, 59, 59, 1, 4.54%, 0, 0, 2, 0.98
1585940939, 0, 0, 60, 60, 1, 4.54%, 0, 0, 2, 0.98
1585941016, 0, 0, 61, 61, 1, 4.54%, 0, 0, 2, 0.98
1585941026, 0, 0, 62, 62, 1, 4.55%, 0, 0, 2, 0.98
1585941051, 0, 0, 63, 63, 1, 4.55%, 0, 0, 2, 0.98
1585941112, 0, 0, 64, 64, 1, 4.55%, 0, 0, 2, 0.98
1585941153, 0, 0, 65, 65, 1, 4.55%, 0, 0, 2, 0.98
1585941178, 0, 0, 66, 66, 1, 4.56%, 0, 0, 2, 0.98
1585941194, 0, 0, 67, 67, 1, 4.56%, 0, 0, 2, 0.98
1585941204, 0, 0, 68, 68, 1, 4.56%, 0, 0, 2, 0.98
1585941224, 0, 0, 69, 69, 1, 4.57%, 0, 0, 2, 0.98
1585941280, 0, 0, 70, 70, 1, 4.57%, 0, 0, 2, 0.98
1585941311, 0, 0, 71, 71, 1, 4.58%, 0, 0, 2, 0.98
1585941331, 0, 0, 72, 72, 1, 4.58%, 0, 0, 2, 0.98
