# unix_time, cycles_done, cur_path, paths_total, pending_total, pending_favs, map_size, unique_crashes, unique_hangs, max_depth, execs_per_sec
1585934987, 0, 0, 1, 1, 1, 3.39%, 0, 0, 1, 0.79
1585935027, 0, 0, 1, 0, 0, 3.39%, 0, 0, 1, 0.97
1585935119, 0, 0, 2, 1, 0, 3.39%, 0, 0, 1, 0.98
1585935205, 0, 1, 2, 1, 0, 3.39%, 0, 0, 1, 0.98
1585935241, 1, 0, 2, 0, 0, 3.39%, 0, 0, 1, 0.98
1585935251, 1, 0, 3, 1, 0, 3.47%, 0, 0, 2, 0.98
1585935413, 1, 0, 4, 2, 0, 3.47%, 0, 0, 2, 0.99
1585935439, 1, 2, 4, 2, 1, 3.47%, 0, 0, 2, 0.99
1585935748, 1, 3, 4, 1, 0, 3.47%, 0, 0, 2, 0.98
1585936068, 2, 0, 4, 0, 0, 3.47%, 0, 0, 2, 0.98
1585936399, 2, 1, 4, 0, 0, 3.47%, 0, 0, 2, 0.98
1585936620, 2, 2, 4, 0, 0, 3.47%, 0, 0, 2, 0.97
