# unix_time, cycles_done, cur_path, paths_total, pending_total, pending_favs, map_size, unique_crashes, unique_hangs, max_depth, execs_per_sec
1585934991, 0, 0, 1, 1, 1, 3.33%, 0, 0, 1, 0.73
1585935007, 0, 0, 2, 2, 1, 3.33%, 0, 0, 2, 0.87
1585935253, 0, 0, 3, 3, 1, 3.41%, 0, 0, 2, 0.95
1585935379, 0, 0, 3, 2, 0, 3.41%, 0, 0, 2, 0.95
1585935410, 0, 0, 4, 3, 0, 3.41%, 0, 0, 2, 0.96
1585935636, 0, 1, 4, 3, 2, 3.41%, 0, 0, 2, 0.95
1585935915, 0, 3, 4, 2, 1, 3.41%, 0, 0, 2, 0.95
1585936193, 1, 0, 4, 1, 0, 3.41%, 0, 0, 2, 0.95
1585936472, 1, 1, 4, 1, 0, 3.41%, 0, 0, 2, 0.95
