# unix_time, cycles_done, cur_path, paths_total, pending_total, pending_favs, map_size, unique_crashes, unique_hangs, max_depth, execs_per_sec
1585934983, 0, 0, 1, 1, 1, 3.40%, 0, 0, 1, 0.84
1585935024, 0, 0, 1, 0, 0, 3.40%, 0, 0, 1, 0.97
1585935161, 1, 0, 1, 0, 0, 3.40%, 0, 0, 1, 0.98
1585935186, 2, 0, 1, 0, 0, 3.40%, 0, 0, 1, 0.98
1585935212, 3, 0, 1, 0, 0, 3.40%, 0, 0, 1, 0.98
1585935237, 4, 0, 1, 0, 0, 3.40%, 0, 0, 1, 0.98
1585935242, 4, 0, 2, 1, 0, 3.42%, 0, 0, 2, 0.98
1585935415, 4, 0, 3, 2, 0, 3.47%, 0, 0, 2, 0.98
1585935598, 4, 2, 3, 2, 1, 3.47%, 0, 0, 2, 0.98
1585935943, 4, 2, 3, 1, 0, 3.47%, 0, 0, 2, 0.98
1585936055, 5, 0, 3, 1, 0, 3.47%, 0, 0, 2, 0.98
1585936324, 5, 1, 3, 1, 0, 3.47%, 0, 0, 2, 0.98
1585936685, 5, 2, 3, 0, 0, 3.47%, 0, 0, 2, 0.98
