# unix_time, cycles_done, cur_path, paths_total, pending_total, pending_favs, map_size, unique_crashes, unique_hangs, max_depth, execs_per_sec
1585934988, 0, 0, 1, 1, 1, 3.40%, 0, 0, 1, 0.76
1585935004, 0, 0, 2, 2, 1, 3.40%, 0, 0, 2, 0.89
1585935252, 0, 0, 3, 3, 1, 3.48%, 0, 0, 2, 0.98
1585935353, 0, 0, 4, 4, 1, 3.48%, 0, 0, 2, 0.98
1585935390, 0, 0, 4, 3, 0, 3.48%, 0, 0, 2, 0.97
1585935638, 0, 1, 4, 3, 2, 3.48%, 0, 0, 2, 0.97
1585935917, 0, 3, 4, 2, 1, 3.48%, 0, 0, 2, 0.97
1585936201, 1, 0, 4, 1, 0, 3.48%, 0, 0, 2, 0.97
1585936475, 1, 1, 4, 1, 0, 3.48%, 0, 0, 2, 0.97
