# unix_time, cycles_done, cur_path, paths_total, pending_total, pending_favs, map_size, unique_crashes, unique_hangs, max_depth, execs_per_sec
1585934986, 0, 0, 1, 1, 1, 3.33%, 0, 0, 1, 0.80
1585935026, 0, 0, 1, 0, 0, 3.33%, 0, 0, 1, 0.97
1585935163, 1, 0, 1, 0, 0, 3.33%, 0, 0, 1, 0.98
1585935189, 2, 0, 1, 0, 0, 3.33%, 0, 0, 1, 0.98
1585935214, 3, 0, 1, 0, 0, 3.33%, 0, 0, 1, 0.98
1585935240, 4, 0, 1, 0, 0, 3.33%, 0, 0, 1, 0.98
1585935245, 4, 0, 2, 1, 0, 3.40%, 0, 0, 2, 0.98
1585935575, 4, 1, 2, 1, 1, 3.40%, 0, 0, 2, 0.98
1585935935, 4, 1, 2, 0, 0, 3.40%, 0, 0, 2, 0.98
1585936047, 5, 0, 2, 0, 0, 3.40%, 0, 0, 2, 0.98
1585936316, 5, 1, 2, 0, 0, 3.40%, 0, 0, 2, 0.98
1585936586, 6, 0, 2, 0, 0, 3.40%, 0, 0, 2, 0.98
