# unix_time, cycles_done, cur_path, paths_total, pending_total, pending_favs, map_size, unique_crashes, unique_hangs, max_depth, execs_per_sec
1585934987, 0, 0, 1, 1, 1, 3.32%, 0, 0, 1, 0.78
1585935007, 0, 0, 2, 2, 1, 3.32%, 0, 0, 2, 0.92
1585935059, 0, 0, 2, 1, 0, 3.32%, 0, 0, 2, 0.97
1585935204, 0, 1, 2, 1, 1, 3.32%, 0, 0, 2, 0.97
1585935229, 1, 0, 2, 0, 0, 3.32%, 0, 0, 2, 0.97
1585935250, 1, 0, 3, 1, 0, 3.40%, 0, 0, 2, 0.97
1585935426, 1, 0, 4, 2, 0, 3.40%, 0, 0, 2, 0.96
1585935514, 1, 2, 4, 2, 1, 3.40%, 0, 0, 2, 0.97
1585935824, 1, 3, 4, 1, 0, 3.40%, 0, 0, 2, 0.97
1585935974, 2, 0, 4, 0, 0, 3.40%, 0, 0, 2, 0.97
1585936306, 2, 1, 4, 0, 0, 3.40%, 0, 0, 2, 0.98
1585936428, 2, 2, 4, 0, 0, 3.40%, 0, 0, 2, 0.98
1585936698, 2, 3, 4, 0, 0, 3.40%, 0, 0, 2, 0.98
