# unix_time, cycles_done, cur_path, paths_total, pending_total, pending_favs, map_size, unique_crashes, unique_hangs, max_depth, execs_per_sec
1585934987, 0, 0, 1, 1, 1, 3.37%, 0, 0, 1, 0.77
1585935008, 0, 0, 2, 2, 1, 3.37%, 0, 0, 2, 0.93
1585935251, 0, 0, 3, 3, 1, 3.46%, 0, 0, 2, 0.99
1585935363, 0, 0, 3, 2, 0, 3.46%, 0, 0, 2, 0.98
1585935414, 0, 0, 4, 3, 0, 3.46%, 0, 0, 2, 0.98
1585935607, 0, 3, 4, 3, 1, 3.46%, 0, 0, 2, 0.98
1585935881, 1, 0, 4, 2, 0, 3.46%, 0, 0, 2, 0.98
1585936151, 1, 1, 4, 2, 0, 3.46%, 0, 0, 2, 0.98
1585936435, 1, 2, 4, 1, 0, 3.46%, 0, 0, 2, 0.98
1585936715, 1, 3, 4, 0, 0, 3.46%, 0, 0, 2, 0.98
