# unix_time, cycles_done, cur_path, paths_total, pending_total, pending_favs, map_size, unique_crashes, unique_hangs, max_depth, execs_per_sec
1585934991, 0, 0, 1, 1, 1, 3.28%, 0, 0, 1, 0.73
1585935033, 0, 0, 1, 0, 0, 3.28%, 0, 0, 1, 0.94
1585935174, 1, 0, 1, 0, 0, 3.28%, 0, 0, 1, 0.96
1585935200, 2, 0, 1, 0, 0, 3.28%, 0, 0, 1, 0.96
1585935226, 3, 0, 1, 0, 0, 3.28%, 0, 0, 1, 0.96
1585935252, 4, 0, 2, 1, 0, 3.36%, 0, 0, 2, 0.96
1585935597, 4, 1, 2, 1, 1, 3.36%, 0, 0, 2, 0.96
1585935968, 4, 1, 2, 0, 0, 3.36%, 0, 0, 2, 0.96
1585936083, 5, 0, 2, 0, 0, 3.36%, 0, 0, 2, 0.96
1585936360, 5, 1, 2, 0, 0, 3.36%, 0, 0, 2, 0.96
1585936638, 6, 0, 2, 0, 0, 3.36%, 0, 0, 2, 0.95
