# unix_time, cycles_done, cur_path, paths_total, pending_total, pending_favs, map_size, unique_crashes, unique_hangs, max_depth, execs_per_sec
1621205921, 0, 0, 4, 4, 1, 4.08%, 0, 0, 1, 0.35
1621205926, 0, 2, 4, 4, 1, 4.08%, 0, 0, 1, 0.35
1621206044, 0, 2, 5, 5, 1, 4.44%, 0, 0, 2, 0.34
1621206075, 0, 2, 6, 6, 1, 4.44%, 0, 0, 2, 0.33
1621206143, 0, 2, 7, 7, 1, 4.44%, 0, 0, 2, 0.33
1621206418, 0, 2, 8, 8, 1, 4.45%, 0, 0, 2, 0.35
1621206847, 0, 2, 9, 9, 1, 4.45%, 0, 0, 2, 0.35
1621206903, 0, 2, 10, 10, 1, 4.45%, 0, 0, 2, 0.35
1621206932, 0, 2, 11, 11, 1, 4.45%, 0, 0, 2, 0.36
