# unix_time, cycles_done, cur_path, paths_total, pending_total, pending_favs, map_size, unique_crashes, unique_hangs, max_depth, execs_per_sec
1585934986, 0, 0, 1, 1, 1, 3.31%, 0, 0, 1, 0.80
1585935006, 0, 0, 2, 2, 1, 3.31%, 0, 0, 2, 0.93
1585935032, 0, 0, 3, 3, 1, 3.31%, 0, 0, 2, 0.97
1585935245, 0, 0, 4, 4, 1, 3.38%, 0, 0, 2, 0.98
1585935392, 0, 0, 5, 5, 1, 3.38%, 0, 0, 2, 0.98
1585935443, 0, 0, 5, 4, 0, 3.38%, 0, 0, 2, 0.98
1585935687, 0, 3, 5, 4, 1, 3.38%, 0, 0, 2, 0.98
1585935962, 0, 4, 5, 3, 0, 3.38%, 0, 0, 2, 0.98
1585936241, 1, 0, 5, 2, 0, 3.38%, 0, 0, 2, 0.98
1585936511, 1, 1, 5, 2, 0, 3.38%, 0, 0, 2, 0.98
