# unix_time, cycles_done, cur_path, paths_total, pending_total, pending_favs, map_size, unique_crashes, unique_hangs, max_depth, execs_per_sec
1585934982, 0, 0, 1, 1, 1, 3.37%, 0, 0, 1, 0.86
1585935023, 0, 0, 1, 0, 0, 3.37%, 0, 0, 1, 0.98
1585935043, 0, 0, 2, 1, 0, 3.37%, 0, 0, 1, 0.98
1585935165, 0, 1, 2, 1, 0, 3.37%, 0, 0, 1, 0.98
1585935205, 1, 0, 2, 0, 0, 3.37%, 0, 0, 1, 0.98
1585935231, 1, 1, 2, 0, 0, 3.37%, 0, 0, 1, 0.98
1585935246, 1, 1, 3, 1, 0, 3.45%, 0, 0, 2, 0.98
1585935368, 1, 2, 3, 1, 1, 3.45%, 0, 0, 2, 0.98
1585935698, 2, 0, 3, 0, 0, 3.45%, 0, 0, 2, 0.98
1585935962, 2, 1, 3, 0, 0, 3.45%, 0, 0, 2, 0.98
1585936089, 2, 2, 3, 0, 0, 3.45%, 0, 0, 2, 0.98
1585936359, 3, 0, 3, 0, 0, 3.45%, 0, 0, 2, 0.98
1585936446, 3, 1, 3, 0, 0, 3.45%, 0, 0, 2, 0.98
1585936603, 3, 2, 3, 0, 0, 3.45%, 0, 0, 2, 0.98
