# unix_time, cycles_done, cur_path, paths_total, pending_total, pending_favs, map_size, unique_crashes, unique_hangs, max_depth, execs_per_sec
1585939627, 0, 0, 1, 1, 1, 3.41%, 0, 0, 1, 0.92
1585939643, 0, 0, 2, 2, 1, 3.43%, 0, 0, 2, 0.96
1585939653, 0, 0, 3, 3, 1, 3.89%, 0, 0, 2, 0.97
1585939693, 0, 0, 4, 4, 1, 3.89%, 0, 0, 2, 0.98
1585939704, 0, 0, 5, 5, 1, 3.89%, 0, 0, 2, 0.98
1585939714, 0, 0, 6, 6, 1, 3.89%, 0, 0, 2, 0.98
1585939724, 0, 0, 7, 7, 1, 3.90%, 0, 0, 2, 0.98
1585939734, 0, 0, 8, 8, 1, 3.90%, 0, 0, 2, 0.98
1585939744, 0, 0, 9, 9, 1, 3.90%, 0, 0, 2, 0.98
1585939759, 0, 0, 10, 10, 1, 3.90%, 0, 0, 2, 0.98
1585939770, 0, 0, 11, 11, 1, 3.91%, 0, 0, 2, 0.98
1585939780, 0, 0, 12, 12, 1, 3.91%, 0, 0, 2, 0.98
1585939790, 0, 0, 13, 13, 1, 3.91%, 0, 0, 2, 0.98
1585939800, 0, 0, 14, 14, 1, 3.91%, 0, 0, 2, 0.98
1585939810, 0, 0, 15, 15, 1, 3.91%, 0, 0, 2, 0.98
1585939826, 0, 0, 16, 16, 1, 3.91%, 0, 0, 2, 0.98
1585939836, 0, 0, 17, 17, 1, 3.91%, 0, 0, 2, 0.98
1585939851, 0, 0, 18, 18, 1, 3.92%, 0, 0, 2, 0.98
1585939871, 0, 0, 19, 19, 1, 3.92%, 0, 0, 2, 0.98
1585939892, 0, 0, 20, 20, 1, 3.99%, 0, 0, 2, 0.98
1585939932, 0, 0, 21, 21, 1, 4.04%, 0, 0, 2, 0.98
1585939942, 0, 0, 22, 22, 1, 4.04%, 0, 0, 2, 0.98
1585939963, 0, 0, 23, 23, 1, 4.04%, 0, 0, 2, 0.98
1585939973, 0, 0, 24, 24, 1, 4.05%, 0, 0, 2, 0.98
1585939993, 0, 0, 25, 25, 1, 4.05%, 0, 0, 2, 0.98
1585940009, 0, 0, 26, 26, 1, 4.05%, 0, 0, 2, 0.98
1585940019, 0, 0, 27, 27, 1, 4.05%, 0, 0, 2, 0.98
1585940070, 0, 0, 28, 28, 1, 4.05%, 0, 0, 2, 0.98
1585940110, 0, 0, 29, 29, 1, 4.06%, 0, 0, 2, 0.98
1585940120, 0, 0, 30, 30, 1, 4.06%, 0, 0, 2, 0.98
1585940146, 0, 0, 31, 31, 1, 4.06%, 0, 0, 2, 0.98
1585940288, 0, 0, 32, 32, 1, 4.06%, 0, 0, 2, 0.98
1585940298, 0, 0, 33, 33, 1, 4.06%, 0, 0, 2, 0.98
1585940334, 0, 0, 34, 34, 1, 4.06%, 0, 0, 2, 0.98
1585940390, 0, 0, 35, 35, 1, 4.06%, 0, 0, 2, 0.98
1585940400, 0, 0, 36, 36, 1, 4.07%, 0, 0, 2, 0.98
1585940492, 0, 0, 37, 37, 1, 4.07%, 0, 0, 2, 0.98
1585940512, 0, 0, 38, 38, 1, 4.07%, 0, 0, 2, 0.98
1585940578, 0, 0, 39, 39, 1, 4.07%, 0, 0, 2, 0.98
1585940609, 0, 0, 40, 40, 1, 4.08%, 0, 0, 2, 0.98
1585940624, 0, 0, 41, 41, 1, 4.08%, 0, 0, 2, 0.98
1585940726, 0, 0, 42, 42, 1, 4.09%, 0, 0, 2, 0.98
1585940904, 0, 0, 43, 43, 1, 4.09%, 0, 0, 2, 0.98
1585941021, 0, 0, 44, 44, 1, 4.09%, 0, 0, 2, 0.98
1585941036, 0, 0, 45, 45, 1, 4.09%, 0, 0, 2, 0.98
1585941062, 0, 0, 46, 46, 1, 4.10%, 0, 0, 2, 0.98
1585941123, 0, 0, 47, 47, 1, 4.10%, 0, 0, 2, 0.98
1585941341, 0, 0, 48, 48, 1, 4.10%, 0, 0, 2, 0.98
1585941372, 0, 0, 49, 49, 1, 4.11%, 0, 0, 2, 0.98
