# unix_time, cycles_done, cur_path, paths_total, pending_total, pending_favs, map_size, unique_crashes, unique_hangs, max_depth, execs_per_sec
1585934990, 0, 0, 1, 1, 1, 3.30%, 0, 0, 1, 0.74
1585935032, 0, 0, 1, 0, 0, 3.30%, 0, 0, 1, 0.95
1585935173, 1, 0, 1, 0, 0, 3.30%, 0, 0, 1, 0.95
1585935199, 2, 0, 1, 0, 0, 3.30%, 0, 0, 1, 0.95
1585935225, 3, 0, 1, 0, 0, 3.30%, 0, 0, 1, 0.96
1585935252, 4, 0, 2, 1, 0, 3.36%, 0, 0, 2, 0.96
1585935414, 4, 0, 3, 2, 0, 3.36%, 0, 0, 2, 0.96
1585935623, 4, 2, 3, 2, 1, 3.36%, 0, 0, 2, 0.95
1585935986, 4, 2, 3, 1, 0, 3.36%, 0, 0, 2, 0.95
1585936101, 5, 0, 3, 1, 0, 3.36%, 0, 0, 2, 0.95
1585936380, 5, 1, 3, 1, 0, 3.36%, 0, 0, 2, 0.95
