# unix_time, cycles_done, cur_path, paths_total, pending_total, pending_favs, map_size, unique_crashes, unique_hangs, max_depth, execs_per_sec
1621133032, 0, 0, 2, 2, 1, 4.50%, 0, 0, 1, 0.26
1621133060, 0, 0, 3, 3, 1, 4.53%, 0, 0, 2, 0.27
1621133115, 0, 0, 4, 4, 1, 4.53%, 0, 0, 2, 0.28
1621133333, 0, 0, 5, 5, 1, 4.53%, 0, 0, 2, 0.29
1621133553, 0, 0, 6, 6, 1, 4.54%, 0, 0, 2, 0.29
1621133804, 0, 0, 7, 7, 1, 4.54%, 0, 0, 2, 0.29
1621133860, 0, 0, 8, 8, 1, 4.55%, 0, 0, 2, 0.28
1621134088, 0, 0, 9, 9, 1, 4.55%, 0, 0, 2, 0.26
1621134120, 0, 0, 10, 10, 1, 4.56%, 0, 0, 2, 0.26
1621134159, 0, 0, 11, 11, 1, 4.56%, 0, 0, 2, 0.26
