# unix_time, cycles_done, cur_path, paths_total, pending_total, pending_favs, map_size, unique_crashes, unique_hangs, max_depth, execs_per_sec
1585934982, 0, 0, 1, 1, 1, 3.35%, 0, 0, 1, 0.86
1585935022, 0, 0, 1, 0, 0, 3.35%, 0, 0, 1, 0.97
1585935048, 0, 0, 2, 1, 0, 3.35%, 0, 0, 1, 0.98
1585935165, 0, 1, 2, 1, 1, 3.35%, 0, 0, 1, 0.98
1585935246, 0, 1, 3, 2, 1, 3.43%, 0, 0, 2, 0.98
1585935414, 0, 1, 4, 3, 1, 3.43%, 0, 0, 2, 0.98
1585935520, 0, 2, 4, 2, 1, 3.43%, 0, 0, 2, 0.98
1585935795, 0, 3, 4, 1, 0, 3.43%, 0, 0, 2, 0.98
1585936075, 1, 0, 4, 0, 0, 3.43%, 0, 0, 2, 0.98
1585936345, 1, 1, 4, 0, 0, 3.43%, 0, 0, 2, 0.98
1585936727, 1, 2, 4, 0, 0, 3.43%, 0, 0, 2, 0.98
