# unix_time, cycles_done, cur_path, paths_total, pending_total, pending_favs, map_size, unique_crashes, unique_hangs, max_depth, execs_per_sec
1585934987, 0, 0, 1, 1, 1, 3.33%, 0, 0, 1, 0.78
1585935023, 0, 0, 2, 2, 1, 3.33%, 0, 0, 2, 0.96
1585935251, 0, 0, 3, 3, 1, 3.41%, 0, 0, 2, 0.99
1585935363, 0, 0, 3, 2, 0, 3.41%, 0, 0, 2, 0.98
1585935602, 0, 2, 3, 2, 1, 3.41%, 0, 0, 2, 0.98
1585935881, 1, 0, 3, 1, 0, 3.41%, 0, 0, 2, 0.98
1585936151, 1, 1, 3, 1, 0, 3.41%, 0, 0, 2, 0.98
1585936430, 1, 2, 3, 0, 0, 3.41%, 0, 0, 2, 0.98
1585936700, 2, 0, 3, 0, 0, 3.41%, 0, 0, 2, 0.98
