# unix_time, cycles_done, cur_path, paths_total, pending_total, pending_favs, map_size, unique_crashes, unique_hangs, max_depth, execs_per_sec
1585934988, 0, 0, 1, 1, 1, 3.36%, 0, 0, 1, 0.76
1585935004, 0, 0, 2, 2, 1, 3.36%, 0, 0, 2, 0.89
1585935236, 0, 0, 3, 3, 1, 3.36%, 0, 0, 2, 0.97
1585935369, 0, 0, 3, 2, 0, 3.44%, 0, 0, 2, 0.97
1585935612, 0, 1, 3, 2, 2, 3.44%, 0, 0, 2, 0.97
1585935896, 0, 2, 3, 1, 1, 3.44%, 0, 0, 2, 0.97
1585936175, 1, 0, 3, 0, 0, 3.44%, 0, 0, 2, 0.97
1585936449, 1, 1, 3, 0, 0, 3.44%, 0, 0, 2, 0.97
1585936723, 1, 2, 3, 0, 0, 3.44%, 0, 0, 2, 0.97
