# unix_time, cycles_done, cur_path, paths_total, pending_total, pending_favs, map_size, unique_crashes, unique_hangs, max_depth, execs_per_sec
1585939628, 0, 0, 1, 1, 1, 3.30%, 0, 0, 1, 0.92
1585939643, 0, 0, 2, 2, 1, 3.32%, 0, 0, 2, 0.96
1585939653, 0, 0, 3, 3, 1, 3.32%, 0, 0, 2, 0.97
1585939663, 0, 0, 4, 4, 1, 3.76%, 0, 0, 2, 0.98
1585939704, 0, 0, 5, 5, 1, 3.76%, 0, 0, 2, 0.98
1585939714, 0, 0, 6, 6, 1, 3.76%, 0, 0, 2, 0.98
1585939724, 0, 0, 7, 7, 1, 3.76%, 0, 0, 2, 0.98
1585939734, 0, 0, 8, 8, 1, 3.76%, 0, 0, 2, 0.98
1585939744, 0, 0, 9, 9, 1, 3.76%, 0, 0, 2, 0.98
1585939754, 0, 0, 10, 10, 1, 3.76%, 0, 0, 2, 0.98
1585939800, 0, 0, 11, 11, 1, 3.92%, 0, 0, 2, 0.98
1585939815, 0, 0, 12, 12, 1, 3.94%, 0, 0, 2, 0.98
1585939826, 0, 0, 13, 13, 1, 3.94%, 0, 0, 2, 0.98
1585939836, 0, 0, 14, 14, 1, 3.94%, 0, 0, 2, 0.98
1585939846, 0, 0, 15, 15, 1, 4.14%, 0, 0, 2, 0.98
1585939856, 0, 0, 16, 16, 1, 4.14%, 0, 0, 2, 0.98
1585939866, 0, 0, 17, 17, 1, 4.14%, 0, 0, 2, 0.98
1585939876, 0, 0, 18, 18, 1, 4.15%, 0, 0, 2, 0.98
1585939892, 0, 0, 19, 19, 1, 4.23%, 0, 0, 2, 0.98
1585939932, 0, 0, 20, 20, 1, 4.23%, 0, 0, 2, 0.98
1585939953, 0, 0, 21, 21, 1, 4.28%, 0, 0, 2, 0.98
1585939973, 0, 0, 22, 22, 1, 4.29%, 0, 0, 2, 0.98
1585939983, 0, 0, 23, 23, 1, 4.29%, 0, 0, 2, 0.98
1585940014, 0, 0, 24, 24, 1, 4.29%, 0, 0, 2, 0.98
1585940024, 0, 0, 25, 25, 1, 4.29%, 0, 0, 2, 0.98
1585940039, 0, 0, 26, 26, 1, 4.29%, 0, 0, 2, 0.98
1585940049, 0, 0, 27, 27, 1, 4.29%, 0, 0, 2, 0.98
1585940075, 0, 0, 28, 28, 1, 4.29%, 0, 0, 2, 0.98
1585940090, 0, 0, 29, 29, 1, 4.30%, 0, 0, 2, 0.98
1585940105, 0, 0, 30, 30, 1, 4.30%, 0, 0, 2, 0.98
1585940115, 0, 0, 31, 31, 1, 4.30%, 0, 0, 2, 0.98
1585940171, 0, 0, 32, 32, 1, 4.30%, 0, 0, 2, 0.98
1585940237, 0, 0, 33, 33, 1, 4.59%, 0, 0, 2, 0.98
1585940303, 0, 0, 34, 34, 1, 4.59%, 0, 0, 2, 0.98
1585940329, 0, 0, 35, 35, 1, 4.59%, 0, 0, 2, 0.98
1585940344, 0, 0, 36, 36, 1, 4.60%, 0, 0, 2, 0.98
1585940369, 0, 0, 37, 37, 1, 4.60%, 0, 0, 2, 0.98
1585940405, 0, 0, 38, 38, 1, 4.60%, 0, 0, 2, 0.98
1585940431, 0, 0, 39, 39, 1, 4.60%, 0, 0, 2, 0.98
1585940446, 0, 0, 40, 40, 1, 4.61%, 0, 0, 2, 0.98
1585940502, 0, 0, 41, 41, 1, 4.61%, 0, 0, 2, 0.98
1585940512, 0, 0, 42, 42, 1, 4.61%, 0, 0, 2, 0.98
1585940532, 0, 0, 43, 43, 1, 4.61%, 0, 0, 2, 0.98
1585940558, 0, 0, 44, 44, 1, 4.61%, 0, 0, 2, 0.98
1585940614, 0, 0, 45, 45, 1, 4.62%, 0, 0, 2, 0.98
1585940639, 0, 0, 46, 46, 1, 4.62%, 0, 0, 2, 0.98
1585940690, 0, 0, 47, 47, 1, 4.63%, 0, 0, 2, 0.98
1585940721, 0, 0, 48, 48, 1, 4.63%, 0, 0, 2, 0.98
1585940736, 0, 0, 49, 49, 1, 4.63%, 0, 0, 2, 0.98
1585940782, 0, 0, 50, 50, 1, 4.63%, 0, 0, 2, 0.98
1585940792, 0, 0, 51, 51, 1, 4.64%, 0, 0, 2, 0.98
1585940802, 0, 0, 52, 52, 1, 4.64%, 0, 0, 2, 0.98
1585940822, 0, 0, 53, 53, 1, 4.65%, 0, 0, 2, 0.98
1585940833, 0, 0, 54, 54, 1, 4.66%, 0, 0, 2, 0.98
1585940873, 0, 0, 55, 55, 1, 4.66%, 0, 0, 2, 0.98
1585940929, 0, 0, 56, 56, 1, 4.66%, 0, 0, 2, 0.98
1585940965, 0, 0, 57, 57, 1, 4.67%, 0, 0, 2, 0.98
1585941011, 0, 0, 58, 58, 1, 4.67%, 0, 0, 2, 0.98
1585941041, 0, 0, 59, 59, 1, 4.67%, 0, 0, 2, 0.98
1585941067, 0, 0, 60, 60, 1, 4.67%, 0, 0, 2, 0.98
1585941082, 0, 0, 61, 61, 1, 4.68%, 0, 0, 2, 0.98
1585941092, 0, 0, 62, 62, 1, 4.68%, 0, 0, 2, 0.98
1585941123, 0, 0, 63, 63, 1, 4.68%, 0, 0, 2, 0.98
1585941138, 0, 0, 64, 64, 1, 4.68%, 0, 0, 2, 0.98
1585941204, 0, 0, 65, 65, 1, 4.68%, 0, 0, 2, 0.98
1585941265, 0, 0, 66, 66, 1, 4.69%, 0, 0, 2, 0.98
1585941275, 0, 0, 67, 67, 1, 4.69%, 0, 0, 2, 0.98
1585941321, 0, 0, 68, 68, 1, 4.69%, 0, 0, 2, 0.98
1585941357, 0, 0, 69, 69, 1, 4.69%, 0, 0, 2, 0.98
