# unix_time, cycles_done, cur_path, paths_total, pending_total, pending_favs, map_size, unique_crashes, unique_hangs, max_depth, execs_per_sec
1585947537, 0, 0, 1, 1, 1, 3.41%, 0, 0, 1, 0.93
1585947557, 0, 0, 2, 2, 1, 3.41%, 0, 0, 2, 0.97
1585947577, 0, 0, 3, 3, 1, 3.42%, 0, 0, 2, 0.98
1585947593, 0, 0, 4, 4, 1, 3.88%, 0, 0, 2, 0.98
1585947633, 0, 0, 5, 5, 1, 4.15%, 0, 0, 2, 0.98
1585947649, 0, 0, 6, 6, 1, 4.18%, 0, 0, 2, 0.98
1585947674, 0, 0, 7, 7, 1, 4.39%, 0, 0, 2, 0.98
1585947745, 0, 0, 8, 8, 1, 4.47%, 0, 0, 2, 0.98
1585947801, 0, 0, 9, 9, 1, 4.55%, 0, 0, 2, 0.98
1585948111, 0, 0, 10, 10, 1, 4.60%, 0, 0, 2, 0.98
1585948507, 0, 0, 11, 11, 1, 5.02%, 0, 0, 2, 0.98
1585948940, 0, 0, 12, 12, 1, 5.27%, 0, 0, 2, 0.98
1585948956, 0, 0, 13, 13, 1, 5.28%, 0, 0, 2, 0.98
1585949094, 0, 0, 14, 14, 1, 5.28%, 0, 0, 2, 0.98
1585949134, 0, 0, 15, 15, 1, 5.52%, 0, 0, 2, 0.98
