# unix_time, cycles_done, cur_path, paths_total, pending_total, pending_favs, map_size, unique_crashes, unique_hangs, max_depth, execs_per_sec
1585934982, 0, 0, 1, 1, 1, 3.37%, 0, 0, 1, 0.86
1585935013, 0, 0, 2, 2, 1, 3.37%, 0, 0, 2, 0.97
1585935246, 0, 0, 3, 3, 1, 3.45%, 0, 0, 2, 0.98
1585935358, 0, 0, 3, 2, 0, 3.45%, 0, 0, 2, 0.98
1585935597, 0, 1, 3, 2, 2, 3.45%, 0, 0, 2, 0.98
1585935871, 0, 2, 3, 1, 1, 3.45%, 0, 0, 2, 0.98
1585936145, 1, 0, 3, 0, 0, 3.45%, 0, 0, 2, 0.98
1585936415, 1, 1, 3, 0, 0, 3.45%, 0, 0, 2, 0.98
1585936685, 1, 2, 3, 0, 0, 3.45%, 0, 0, 2, 0.98
