# unix_time, cycles_done, cur_path, paths_total, pending_total, pending_favs, map_size, unique_crashes, unique_hangs, max_depth, execs_per_sec
1585939627, 0, 0, 1, 1, 1, 3.39%, 0, 0, 1, 0.93
1585939642, 0, 0, 2, 2, 1, 3.85%, 0, 0, 2, 0.97
1585939652, 0, 0, 3, 3, 1, 3.87%, 0, 0, 2, 0.98
1585939657, 0, 0, 4, 4, 1, 3.87%, 0, 0, 2, 0.98
1585939668, 0, 0, 5, 5, 1, 3.87%, 0, 0, 2, 0.98
1585939678, 0, 0, 6, 6, 1, 3.87%, 0, 0, 2, 0.98
1585939688, 0, 0, 7, 7, 1, 4.32%, 0, 0, 2, 0.98
1585939698, 0, 0, 8, 8, 1, 4.32%, 0, 0, 2, 0.98
1585939708, 0, 0, 9, 9, 1, 4.32%, 0, 0, 2, 0.98
1585939723, 0, 0, 10, 10, 1, 4.33%, 0, 0, 2, 0.99
1585939734, 0, 0, 11, 11, 1, 4.33%, 0, 0, 2, 0.98
1585939744, 0, 0, 12, 12, 1, 4.33%, 0, 0, 2, 0.98
1585939754, 0, 0, 13, 13, 1, 4.33%, 0, 0, 2, 0.98
1585939764, 0, 0, 14, 14, 1, 4.33%, 0, 0, 2, 0.99
1585939789, 0, 0, 15, 15, 1, 4.34%, 0, 0, 2, 0.98
1585939800, 0, 0, 16, 16, 1, 4.34%, 0, 0, 2, 0.99
1585939815, 0, 0, 17, 17, 1, 4.34%, 0, 0, 2, 0.99
1585939830, 0, 0, 18, 18, 1, 4.34%, 0, 0, 2, 0.99
1585939840, 0, 0, 19, 19, 1, 4.35%, 0, 0, 2, 0.98
1585939850, 0, 0, 20, 20, 1, 4.74%, 0, 0, 2, 0.98
1585939866, 0, 0, 21, 21, 1, 4.99%, 0, 0, 2, 0.98
1585939876, 0, 0, 22, 22, 1, 4.99%, 0, 0, 2, 0.98
1585939881, 0, 0, 23, 23, 1, 4.99%, 0, 0, 2, 0.98
1585939927, 0, 0, 24, 24, 1, 5.12%, 0, 0, 2, 0.99
1585939942, 0, 0, 25, 25, 1, 5.12%, 0, 0, 2, 0.99
1585939957, 0, 0, 26, 26, 1, 5.18%, 0, 0, 2, 0.99
1585939977, 0, 0, 27, 27, 1, 5.18%, 0, 0, 2, 0.99
1585940018, 0, 0, 28, 28, 1, 5.24%, 0, 0, 2, 0.99
1585940058, 0, 0, 29, 29, 1, 5.24%, 0, 0, 2, 0.99
1585940104, 0, 0, 30, 30, 1, 5.26%, 0, 0, 2, 0.99
1585940119, 0, 0, 31, 31, 1, 5.26%, 0, 0, 2, 0.99
1585940135, 0, 0, 32, 32, 1, 5.27%, 0, 0, 2, 0.99
1585940155, 0, 0, 33, 33, 1, 5.27%, 0, 0, 2, 0.99
1585940277, 0, 0, 34, 34, 1, 5.27%, 0, 0, 2, 0.99
1585940332, 0, 0, 35, 35, 1, 5.32%, 0, 0, 2, 0.99
1585940343, 0, 0, 36, 36, 1, 5.32%, 0, 0, 2, 0.99
1585940419, 0, 0, 37, 37, 1, 5.32%, 0, 0, 2, 0.99
1585940439, 0, 0, 38, 38, 1, 5.33%, 0, 0, 2, 0.99
1585940566, 0, 0, 39, 39, 1, 5.33%, 0, 0, 2, 0.99
1585940637, 0, 0, 40, 40, 1, 5.35%, 0, 0, 2, 0.99
1585940774, 0, 0, 41, 41, 1, 5.35%, 0, 0, 2, 0.99
1585940789, 0, 0, 42, 42, 1, 5.36%, 0, 0, 2, 0.98
1585940804, 0, 0, 43, 43, 1, 5.36%, 0, 0, 2, 0.98
1585940947, 0, 0, 44, 44, 1, 5.36%, 0, 0, 2, 0.98
1585940962, 0, 0, 45, 45, 1, 5.36%, 0, 0, 2, 0.98
1585940977, 0, 0, 46, 46, 1, 5.36%, 0, 0, 2, 0.98
1585941058, 0, 0, 47, 47, 1, 5.37%, 0, 0, 2, 0.98
1585941140, 0, 0, 48, 48, 1, 5.37%, 0, 0, 2, 0.98
1585941267, 0, 0, 49, 49, 1, 5.37%, 0, 0, 2, 0.98
1585941318, 0, 0, 50, 50, 1, 5.37%, 0, 0, 2, 0.98
1585941328, 0, 0, 51, 51, 1, 5.37%, 0, 0, 2, 0.98
1585941374, 0, 0, 52, 52, 1, 5.38%, 0, 0, 2, 0.98
