# unix_time, cycles_done, cur_path, paths_total, pending_total, pending_favs, map_size, unique_crashes, unique_hangs, max_depth, execs_per_sec
1585939631, 0, 0, 1, 1, 1, 3.34%, 0, 0, 1, 0.85
1585939646, 0, 0, 2, 2, 1, 3.38%, 0, 0, 2, 0.94
1585939656, 0, 0, 3, 3, 1, 3.81%, 0, 0, 2, 0.96
1585939667, 0, 0, 4, 4, 1, 3.81%, 0, 0, 2, 0.97
1585939677, 0, 0, 5, 5, 1, 3.81%, 0, 0, 2, 0.98
1585939687, 0, 0, 6, 6, 1, 3.81%, 0, 0, 2, 0.98
1585939697, 0, 0, 7, 7, 1, 3.81%, 0, 0, 2, 0.98
1585939702, 0, 0, 8, 8, 1, 4.19%, 0, 0, 2, 0.98
1585939712, 0, 0, 9, 9, 1, 4.19%, 0, 0, 2, 0.98
1585939727, 0, 0, 10, 10, 1, 4.19%, 0, 0, 2, 0.98
1585939743, 0, 0, 11, 11, 1, 4.20%, 0, 0, 2, 0.98
1585939753, 0, 0, 12, 12, 1, 4.21%, 0, 0, 2, 0.98
1585939763, 0, 0, 13, 13, 1, 4.23%, 0, 0, 2, 0.98
1585939773, 0, 0, 14, 14, 1, 4.23%, 0, 0, 2, 0.98
1585939809, 0, 0, 15, 15, 1, 4.23%, 0, 0, 2, 0.98
1585939829, 0, 0, 16, 16, 1, 4.23%, 0, 0, 2, 0.98
1585939835, 0, 0, 17, 17, 1, 4.25%, 0, 0, 2, 0.98
1585939870, 0, 0, 18, 18, 1, 4.25%, 0, 0, 2, 0.98
1585939875, 0, 0, 19, 19, 1, 4.25%, 0, 0, 2, 0.98
1585939896, 0, 0, 20, 20, 1, 4.32%, 0, 0, 2, 0.98
1585939936, 0, 0, 21, 21, 1, 4.37%, 0, 0, 2, 0.98
1585939947, 0, 0, 22, 22, 1, 4.37%, 0, 0, 2, 0.98
1585939962, 0, 0, 23, 23, 1, 4.42%, 0, 0, 2, 0.98
1585939992, 0, 0, 24, 24, 1, 4.42%, 0, 0, 2, 0.98
1585940008, 0, 0, 25, 25, 1, 4.43%, 0, 0, 2, 0.98
1585940018, 0, 0, 26, 26, 1, 4.43%, 0, 0, 2, 0.98
1585940028, 0, 0, 27, 27, 1, 4.43%, 0, 0, 2, 0.98
1585940094, 0, 0, 28, 28, 1, 4.43%, 0, 0, 2, 0.98
1585940145, 0, 0, 29, 29, 1, 4.75%, 0, 0, 2, 0.98
1585940155, 0, 0, 30, 30, 1, 4.75%, 0, 0, 2, 0.98
1585940175, 0, 0, 31, 31, 1, 4.75%, 0, 0, 2, 0.98
1585940236, 0, 0, 32, 32, 1, 4.75%, 0, 0, 2, 0.98
1585940262, 0, 0, 33, 33, 1, 4.75%, 0, 0, 2, 0.98
1585940282, 0, 0, 34, 34, 1, 4.75%, 0, 0, 2, 0.98
1585940348, 0, 0, 35, 35, 1, 5.05%, 0, 0, 2, 0.98
1585940379, 0, 0, 36, 36, 1, 5.05%, 0, 0, 2, 0.98
1585940409, 0, 0, 37, 37, 1, 5.05%, 0, 0, 2, 0.98
1585940506, 0, 0, 38, 38, 1, 5.05%, 0, 0, 2, 0.98
1585940536, 0, 0, 39, 39, 1, 5.05%, 0, 0, 2, 0.98
1585940546, 0, 0, 40, 40, 1, 5.06%, 0, 0, 2, 0.98
1585940562, 0, 0, 41, 41, 1, 5.06%, 0, 0, 2, 0.98
1585940592, 0, 0, 42, 42, 1, 5.06%, 0, 0, 2, 0.98
1585940628, 0, 0, 43, 43, 1, 5.06%, 0, 0, 2, 0.98
1585940668, 0, 0, 44, 44, 1, 5.06%, 0, 0, 2, 0.98
1585940694, 0, 0, 45, 45, 1, 5.06%, 0, 0, 2, 0.98
1585940887, 0, 0, 46, 46, 1, 5.06%, 0, 0, 2, 0.98
1585940928, 0, 0, 47, 47, 1, 5.06%, 0, 0, 2, 0.98
1585941070, 0, 0, 48, 48, 1, 5.06%, 0, 0, 2, 0.98
1585941116, 0, 0, 49, 49, 1, 5.06%, 0, 0, 2, 0.98
1585941146, 0, 0, 50, 50, 1, 5.06%, 0, 0, 2, 0.98
1585941177, 0, 0, 51, 51, 1, 5.07%, 0, 0, 2, 0.98
1585941192, 0, 0, 52, 52, 1, 5.07%, 0, 0, 2, 0.98
1585941263, 0, 0, 53, 53, 1, 5.07%, 0, 0, 2, 0.98
1585941284, 0, 0, 54, 54, 1, 5.07%, 0, 0, 2, 0.98
1585941294, 0, 0, 55, 55, 1, 5.07%, 0, 0, 2, 0.98
1585941314, 0, 0, 56, 56, 1, 5.07%, 0, 0, 2, 0.98
