# unix_time, cycles_done, cur_path, paths_total, pending_total, pending_favs, map_size, unique_crashes, unique_hangs, max_depth, execs_per_sec
1585934986, 0, 0, 1, 1, 1, 3.38%, 0, 0, 1, 0.79
1585935026, 0, 0, 1, 0, 0, 3.38%, 0, 0, 1, 0.97
1585935164, 1, 0, 1, 0, 0, 3.38%, 0, 0, 1, 0.98
1585935189, 2, 0, 1, 0, 0, 3.38%, 0, 0, 1, 0.98
1585935214, 3, 0, 1, 0, 0, 3.38%, 0, 0, 1, 0.98
1585935240, 4, 0, 1, 0, 0, 3.38%, 0, 0, 1, 0.98
1585935245, 4, 0, 2, 1, 0, 3.45%, 0, 0, 2, 0.98
1585935575, 4, 1, 2, 1, 1, 3.45%, 0, 0, 2, 0.98
1585935926, 4, 1, 2, 0, 0, 3.45%, 0, 0, 2, 0.98
1585936043, 5, 0, 2, 0, 0, 3.45%, 0, 0, 2, 0.98
1585936313, 5, 1, 2, 0, 0, 3.45%, 0, 0, 2, 0.98
1585936582, 6, 0, 2, 0, 0, 3.45%, 0, 0, 2, 0.98
