# unix_time, cycles_done, cur_path, paths_total, pending_total, pending_favs, map_size, unique_crashes, unique_hangs, max_depth, execs_per_sec
1585939627, 0, 0, 1, 1, 1, 3.33%, 0, 0, 1, 0.92
1585939643, 0, 0, 2, 2, 1, 3.61%, 0, 0, 2, 0.96
1585939653, 0, 0, 3, 3, 1, 3.61%, 0, 0, 2, 0.97
1585939663, 0, 0, 4, 4, 1, 3.61%, 0, 0, 2, 0.98
1585939673, 0, 0, 5, 5, 1, 3.61%, 0, 0, 2, 0.98
1585939678, 0, 0, 6, 6, 1, 3.62%, 0, 0, 2, 0.98
1585939693, 0, 0, 7, 7, 1, 4.03%, 0, 0, 2, 0.98
1585939704, 0, 0, 8, 8, 1, 4.03%, 0, 0, 2, 0.98
1585939714, 0, 0, 9, 9, 1, 4.03%, 0, 0, 2, 0.98
1585939759, 0, 0, 10, 10, 1, 4.04%, 0, 0, 2, 0.98
1585939770, 0, 0, 11, 11, 1, 4.06%, 0, 0, 2, 0.98
1585939780, 0, 0, 12, 12, 1, 4.07%, 0, 0, 2, 0.98
1585939795, 0, 0, 13, 13, 1, 4.07%, 0, 0, 2, 0.98
1585939810, 0, 0, 14, 14, 1, 4.07%, 0, 0, 2, 0.98
1585939820, 0, 0, 15, 15, 1, 4.08%, 0, 0, 2, 0.98
1585939846, 0, 0, 16, 16, 1, 4.38%, 0, 0, 2, 0.98
1585939866, 0, 0, 17, 17, 1, 4.40%, 0, 0, 2, 0.98
1585939876, 0, 0, 18, 18, 1, 4.40%, 0, 0, 2, 0.98
1585939886, 0, 0, 19, 19, 1, 4.41%, 0, 0, 2, 0.98
1585939927, 0, 0, 20, 20, 1, 4.53%, 0, 0, 2, 0.98
1585939937, 0, 0, 21, 21, 1, 4.58%, 0, 0, 2, 0.98
1585939947, 0, 0, 22, 22, 1, 4.59%, 0, 0, 2, 0.98
1585939998, 0, 0, 23, 23, 1, 4.59%, 0, 0, 2, 0.98
1585940019, 0, 0, 24, 24, 1, 4.60%, 0, 0, 2, 0.98
1585940039, 0, 0, 25, 25, 1, 4.60%, 0, 0, 2, 0.98
1585940059, 0, 0, 26, 26, 1, 4.60%, 0, 0, 2, 0.98
1585940074, 0, 0, 27, 27, 1, 4.60%, 0, 0, 2, 0.98
1585940090, 0, 0, 28, 28, 1, 4.61%, 0, 0, 2, 0.98
1585940125, 0, 0, 29, 29, 1, 4.61%, 0, 0, 2, 0.98
1585940156, 0, 0, 30, 30, 1, 4.61%, 0, 0, 2, 0.98
1585940166, 0, 0, 31, 31, 1, 4.61%, 0, 0, 2, 0.98
1585940227, 0, 0, 32, 32, 1, 4.62%, 0, 0, 2, 0.98
1585940303, 0, 0, 33, 33, 1, 4.62%, 0, 0, 2, 0.98
1585940334, 0, 0, 34, 34, 1, 4.62%, 0, 0, 2, 0.98
1585940364, 0, 0, 35, 35, 1, 4.62%, 0, 0, 2, 0.98
1585940374, 0, 0, 36, 36, 1, 4.63%, 0, 0, 2, 0.98
1585940435, 0, 0, 37, 37, 1, 4.63%, 0, 0, 2, 0.98
1585940461, 0, 0, 38, 38, 1, 4.63%, 0, 0, 2, 0.98
1585940471, 0, 0, 39, 39, 1, 4.64%, 0, 0, 2, 0.98
1585940497, 0, 0, 40, 40, 1, 4.64%, 0, 0, 2, 0.98
1585940517, 0, 0, 41, 41, 1, 4.64%, 0, 0, 2, 0.98
1585940532, 0, 0, 42, 42, 1, 4.64%, 0, 0, 2, 0.98
1585940563, 0, 0, 43, 43, 1, 4.65%, 0, 0, 2, 0.98
1585940593, 0, 0, 44, 44, 1, 4.65%, 0, 0, 2, 0.98
1585940614, 0, 0, 45, 45, 1, 4.65%, 0, 0, 2, 0.98
1585940634, 0, 0, 46, 46, 1, 4.65%, 0, 0, 2, 0.98
1585940771, 0, 0, 47, 47, 1, 4.66%, 0, 0, 2, 0.98
1585940899, 0, 0, 48, 48, 1, 4.66%, 0, 0, 2, 0.98
1585940970, 0, 0, 49, 49, 1, 4.66%, 0, 0, 2, 0.98
1585940980, 0, 0, 50, 50, 1, 4.67%, 0, 0, 2, 0.98
1585941000, 0, 0, 51, 51, 1, 4.67%, 0, 0, 2, 0.98
1585941021, 0, 0, 52, 52, 1, 4.67%, 0, 0, 2, 0.98
1585941036, 0, 0, 53, 53, 1, 4.68%, 0, 0, 2, 0.98
1585941066, 0, 0, 54, 54, 1, 4.68%, 0, 0, 2, 0.98
1585941087, 0, 0, 55, 55, 1, 4.68%, 0, 0, 2, 0.98
1585941107, 0, 0, 56, 56, 1, 4.68%, 0, 0, 2, 0.98
1585941138, 0, 0, 57, 57, 1, 4.69%, 0, 0, 2, 0.98
1585941163, 0, 0, 58, 58, 1, 4.69%, 0, 0, 2, 0.98
1585941178, 0, 0, 59, 59, 1, 4.69%, 0, 0, 2, 0.98
1585941214, 0, 0, 60, 60, 1, 4.70%, 0, 0, 2, 0.98
1585941234, 0, 0, 61, 61, 1, 4.70%, 0, 0, 2, 0.98
1585941244, 0, 0, 62, 62, 1, 4.70%, 0, 0, 2, 0.98
1585941285, 0, 0, 63, 63, 1, 4.70%, 0, 0, 2, 0.98
1585941326, 0, 0, 64, 64, 1, 4.71%, 0, 0, 2, 0.98
1585941346, 0, 0, 65, 65, 1, 4.71%, 0, 0, 2, 0.98
1585941366, 0, 0, 66, 66, 1, 4.71%, 0, 0, 2, 0.98
