# unix_time, cycles_done, cur_path, paths_total, pending_total, pending_favs, map_size, unique_crashes, unique_hangs, max_depth, execs_per_sec
1621111230, 0, 0, 4, 4, 2, 0.63%, 0, 0, 1, 21.23
1621111235, 0, 0, 5, 5, 2, 0.63%, 0, 0, 2, 23.34
1621111240, 0, 0, 6, 6, 2, 0.63%, 0, 0, 2, 23.63
1621111245, 0, 0, 7, 7, 2, 0.63%, 0, 0, 2, 23.78
1621111250, 0, 0, 9, 9, 2, 0.63%, 0, 0, 2, 23.09
1621111260, 0, 0, 10, 10, 2, 0.63%, 0, 0, 2, 22.91
1621111322, 0, 0, 11, 11, 2, 0.63%, 0, 0, 2, 23.67
1621111373, 0, 0, 12, 12, 2, 0.63%, 0, 0, 2, 23.31
1621112047, 0, 0, 16, 16, 2, 0.63%, 0, 0, 2, 23.72
1621112052, 0, 0, 18, 18, 2, 0.63%, 0, 0, 2, 24.24
