# unix_time, cycles_done, cur_path, paths_total, pending_total, pending_favs, map_size, unique_crashes, unique_hangs, max_depth, execs_per_sec
1585934986, 0, 0, 1, 1, 1, 3.34%, 0, 0, 1, 0.79
1585935007, 0, 0, 2, 2, 1, 3.34%, 0, 0, 2, 0.93
1585935251, 0, 0, 3, 3, 1, 3.41%, 0, 0, 2, 0.98
1585935312, 0, 0, 4, 4, 1, 3.41%, 0, 0, 2, 0.98
1585935403, 0, 0, 4, 3, 0, 3.41%, 0, 0, 2, 0.98
1585935642, 0, 1, 4, 3, 2, 3.41%, 0, 0, 2, 0.98
1585935922, 0, 3, 4, 2, 1, 3.41%, 0, 0, 2, 0.98
1585936196, 1, 0, 4, 1, 0, 3.41%, 0, 0, 2, 0.98
1585936466, 1, 1, 4, 1, 0, 3.41%, 0, 0, 2, 0.98
