# unix_time, cycles_done, cur_path, paths_total, pending_total, pending_favs, map_size, unique_crashes, unique_hangs, max_depth, execs_per_sec
1621128379, 0, 0, 7, 7, 2, 4.56%, 0, 0, 1, 0.22
1621128389, 0, 2, 7, 7, 2, 4.56%, 0, 0, 1, 0.22
1621128418, 0, 2, 7, 7, 2, 4.56%, 0, 1, 1, 0.21
1621128423, 0, 2, 7, 7, 2, 4.56%, 0, 2, 1, 0.21
1621128428, 0, 2, 7, 7, 2, 4.56%, 0, 3, 1, 0.21
1621128433, 0, 2, 7, 7, 2, 4.56%, 0, 4, 1, 0.21
1621128438, 0, 2, 7, 7, 2, 4.56%, 0, 5, 1, 0.21
1621128443, 0, 2, 7, 7, 2, 4.56%, 0, 6, 1, 0.21
1621128449, 0, 2, 7, 7, 2, 4.56%, 0, 7, 1, 0.21
1621128462, 0, 2, 8, 8, 2, 4.56%, 0, 7, 2, 0.21
1621128960, 0, 2, 8, 8, 2, 4.56%, 0, 8, 2, 0.25
1621128965, 0, 2, 8, 8, 2, 4.56%, 0, 9, 2, 0.25
1621128970, 0, 2, 8, 8, 2, 4.56%, 0, 10, 2, 0.25
1621128975, 0, 2, 8, 8, 2, 4.56%, 0, 11, 2, 0.24
1621128980, 0, 2, 8, 8, 2, 4.56%, 0, 12, 2, 0.24
1621128995, 0, 2, 8, 8, 2, 4.56%, 0, 13, 2, 0.23
1621129011, 0, 2, 8, 8, 2, 4.56%, 0, 14, 2, 0.23
1621129021, 0, 2, 8, 8, 2, 4.56%, 0, 15, 2, 0.22
1621129031, 0, 2, 8, 8, 2, 4.56%, 0, 16, 2, 0.22
1621129036, 0, 2, 8, 8, 2, 4.56%, 0, 17, 2, 0.22
1621129041, 0, 2, 8, 8, 2, 4.56%, 0, 18, 2, 0.22
1621129066, 0, 2, 8, 8, 2, 4.56%, 0, 19, 2, 0.21
1621129076, 0, 2, 8, 8, 2, 4.56%, 0, 20, 2, 0.21
1621129097, 0, 2, 8, 8, 2, 4.56%, 0, 21, 2, 0.21
1621129107, 0, 2, 8, 8, 2, 4.56%, 0, 22, 2, 0.21
1621129112, 0, 2, 8, 8, 2, 4.56%, 0, 23, 2, 0.21
1621129142, 0, 2, 8, 8, 2, 4.56%, 0, 24, 2, 0.20
1621129147, 0, 2, 8, 8, 2, 4.56%, 0, 25, 2, 0.20
1621129152, 0, 2, 8, 8, 2, 4.56%, 0, 26, 2, 0.20
1621129183, 0, 2, 8, 8, 2, 4.56%, 0, 27, 2, 0.20
1621129202, 0, 2, 8, 8, 2, 4.56%, 0, 28, 2, 0.20
1621129222, 0, 2, 8, 8, 2, 4.56%, 0, 29, 2, 0.20
1621129252, 0, 2, 8, 8, 2, 4.56%, 0, 30, 2, 0.20
1621129257, 0, 2, 8, 8, 2, 4.56%, 0, 31, 2, 0.20
1621129283, 0, 2, 8, 8, 2, 4.56%, 0, 32, 2, 0.20
1621129288, 0, 2, 8, 8, 2, 4.56%, 0, 33, 2, 0.20
1621129308, 0, 2, 8, 8, 2, 4.56%, 0, 34, 2, 0.20
1621129328, 0, 2, 8, 8, 2, 4.56%, 0, 35, 2, 0.20
1621129338, 0, 2, 8, 8, 2, 4.56%, 0, 36, 2, 0.20
1621129355, 0, 2, 8, 8, 2, 4.56%, 0, 37, 2, 0.21
1621129395, 0, 2, 9, 9, 2, 4.56%, 0, 37, 2, 0.23
1621129455, 0, 2, 9, 9, 2, 4.56%, 0, 38, 2, 0.24
1621129476, 0, 2, 9, 9, 2, 4.56%, 0, 39, 2, 0.23
1621129486, 0, 2, 9, 9, 2, 4.56%, 0, 40, 2, 0.23
