# unix_time, cycles_done, cur_path, paths_total, pending_total, pending_favs, map_size, unique_crashes, unique_hangs, max_depth, execs_per_sec
1585934986, 0, 0, 1, 1, 1, 3.36%, 0, 0, 1, 0.80
1585935021, 0, 0, 2, 2, 1, 3.36%, 0, 0, 2, 0.96
1585935245, 0, 0, 3, 3, 1, 3.44%, 0, 0, 2, 0.98
1585935392, 0, 0, 3, 2, 0, 3.44%, 0, 0, 2, 0.98
1585935637, 0, 1, 3, 2, 2, 3.44%, 0, 0, 2, 0.97
1585935918, 0, 2, 3, 1, 1, 3.44%, 0, 0, 2, 0.98
1585936193, 1, 0, 3, 0, 0, 3.44%, 0, 0, 2, 0.98
1585936463, 1, 1, 3, 0, 0, 3.44%, 0, 0, 2, 0.98
1585936732, 1, 2, 3, 0, 0, 3.44%, 0, 0, 2, 0.98
